15:12:46.665 0,0.32,0.24,-0.90,-0.02,-0.02,0.03
15:12:46.685 1,0.29,0.17,-0.84,-0.03,-0.01,0.00
15:12:46.705 2,0.33,0.16,-0.82,-0.03,-0.02,0.02
15:12:46.725 3,0.38,0.20,-0.71,0.01,-0.01,0.00
15:12:46.745 4,0.29,0.19,-0.77,-0.00,-0.00,-0.01
15:12:46.765 5,0.29,0.18,-0.87,0.01,0.02,-0.04
15:12:46.785 6,0.38,0.23,-0.78,0.01,-0.01,0.00
15:12:46.805 7,0.34,0.25,-0.88,0.01,-0.03,-0.02
15:12:46.825 8,0.28,0.20,-0.75,0.01,0.02,-0.02
15:12:46.845 9,0.33,0.27,-0.82,-0.00,-0.02,-0.01
15:12:46.865 10,0.28,0.14,-0.80,-0.02,-0.00,0.03
15:12:46.885 11,0.28,0.19,-0.73,0.02,0.01,0.05
15:12:46.905 12,0.31,0.16,-0.86,-0.01,0.00,0.00
15:12:46.925 13,0.20,0.11,-0.87,-0.02,0.02,-0.01
15:12:46.945 14,0.21,0.20,-0.83,-0.00,0.01,-0.02
15:12:46.965 15,0.27,0.19,-0.75,-0.02,-0.02,0.01
15:12:46.985 16,0.25,0.28,-0.88,-0.01,0.04,0.04
15:12:47.005 17,0.32,0.23,-0.94,0.01,0.00,-0.00
15:12:47.025 18,0.25,0.15,-0.82,0.01,-0.00,-0.05
15:12:47.045 19,0.23,0.29,-0.77,-0.02,0.02,0.01
15:12:47.065 20,0.37,0.26,-0.74,-0.01,0.00,0.02
15:12:47.085 21,0.29,0.23,-0.82,0.02,0.01,-0.03
15:12:47.105 22,0.30,0.19,-0.82,0.01,0.05,0.00
15:12:47.125 23,0.23,0.15,-0.74,0.04,-0.01,0.01
15:12:47.145 24,0.27,0.18,-0.89,0.02,-0.01,-0.00
15:12:47.165 25,0.31,0.25,-0.82,0.02,0.00,-0.02
15:12:47.185 26,0.24,0.29,-0.79,-0.03,0.02,0.02
15:12:47.205 27,0.32,0.28,-0.78,0.02,-0.03,-0.01
15:12:47.225 28,0.27,0.18,-0.83,-0.00,-0.04,-0.03
15:12:47.245 29,0.29,0.14,-0.80,-0.01,-0.01,-0.04
15:12:47.265 30,0.27,0.21,-0.92,0.00,-0.03,0.03
15:12:47.285 31,0.39,0.11,-0.83,0.02,-0.01,0.01
15:12:47.305 32,0.30,0.22,-0.78,0.01,0.01,0.00
15:12:47.325 33,0.25,0.19,-0.85,-0.02,-0.02,-0.01
15:12:47.345 34,0.34,0.18,-0.80,0.01,-0.03,-0.01
15:12:47.365 35,0.24,0.12,-0.78,-0.01,0.00,-0.02
15:12:47.385 36,0.31,0.23,-0.82,0.00,0.02,-0.01
15:12:47.405 37,0.20,0.17,-0.79,-0.01,-0.03,-0.04
15:12:47.425 38,0.23,0.14,-0.85,-0.00,0.02,-0.01
15:12:47.445 39,0.31,0.06,-0.81,0.02,0.02,-0.01
15:12:47.465 40,0.34,0.20,-0.77,-0.02,0.02,0.01
15:12:47.485 41,0.31,0.29,-0.79,0.04,0.02,-0.00
15:12:47.505 42,0.29,0.28,-0.83,-0.04,0.04,0.02
15:12:47.525 43,0.28,0.18,-0.79,-0.01,-0.01,0.03
15:12:47.545 44,0.23,0.17,-0.76,0.01,0.00,0.02
15:12:47.565 45,0.26,0.22,-0.90,0.01,-0.01,0.01
15:12:47.585 46,0.28,0.15,-0.74,-0.00,0.00,0.00
15:12:47.605 47,0.35,0.22,-0.82,-0.00,0.03,-0.02
15:12:47.625 48,0.32,0.24,-0.78,0.01,-0.03,0.01
15:12:47.645 49,0.21,0.26,-0.74,-0.00,-0.02,0.03
15:12:47.665 50,0.32,0.19,-0.87,0.03,0.03,0.01
15:12:47.685 51,0.28,0.19,-0.84,0.02,0.02,0.04
15:12:47.705 52,0.27,0.16,-0.81,0.02,-0.01,-0.03
15:12:47.725 53,0.33,0.16,-0.84,-0.02,0.02,-0.02
15:12:47.745 54,0.35,0.19,-0.71,-0.00,0.01,0.02
15:12:47.765 55,0.35,0.22,-0.84,-0.01,0.03,0.01
15:12:47.785 56,0.26,0.25,-0.83,-0.02,0.00,0.03
15:12:47.805 57,0.28,0.16,-0.79,0.01,0.02,-0.00
15:12:47.825 58,0.32,0.27,-0.86,-0.01,0.05,-0.02
15:12:47.845 59,0.35,0.19,-0.82,0.01,0.01,-0.00
15:12:47.865 60,0.28,0.20,-0.78,-0.02,0.00,-0.03
15:12:47.885 61,0.29,0.16,-0.82,0.03,0.01,-0.02
15:12:47.905 62,0.24,0.08,-0.80,-0.02,-0.01,0.02
15:12:47.925 63,0.24,0.24,-0.83,0.00,0.05,0.02
15:12:47.945 64,0.34,0.24,-0.88,0.02,0.00,0.01
15:12:47.965 65,0.37,0.19,-0.78,-0.01,-0.01,-0.03
15:12:47.985 66,0.30,0.20,-0.71,0.02,-0.02,-0.01
15:12:48.005 67,0.35,0.23,-0.80,-0.02,0.02,-0.02
15:12:48.025 68,0.32,0.12,-0.79,0.03,0.02,0.02
15:12:48.045 69,0.27,0.17,-0.77,0.00,-0.01,-0.01
15:12:48.065 70,0.32,0.24,-0.86,-0.01,0.01,-0.02
15:12:48.085 71,0.38,0.14,-0.71,-0.01,-0.03,0.00
15:12:48.105 72,0.30,0.21,-0.79,0.02,0.00,-0.01
15:12:48.125 73,0.38,0.13,-0.72,-0.01,0.01,0.03
15:12:48.145 74,0.17,0.22,-0.84,-0.01,0.03,-0.01
15:12:48.165 75,0.34,0.20,-0.71,-0.00,-0.02,-0.03
15:12:48.185 76,0.30,0.12,-0.76,-0.02,-0.03,-0.04
15:12:48.205 77,0.29,0.26,-0.77,0.04,-0.02,-0.00
15:12:48.225 78,0.30,0.16,-0.79,-0.01,-0.03,-0.01
15:12:48.245 79,0.20,0.16,-0.81,0.02,0.03,-0.03
15:12:48.265 80,0.29,0.21,-0.74,0.00,0.03,0.02
15:12:48.285 81,0.32,0.26,-0.79,-0.02,0.01,0.01
15:12:48.305 82,0.37,0.15,-0.90,-0.00,0.02,-0.00
15:12:48.325 83,0.27,0.20,-0.86,0.02,0.00,0.03
15:12:48.345 84,0.26,0.22,-0.81,-0.00,-0.00,0.01
15:12:48.365 85,0.27,0.23,-0.78,0.02,-0.01,-0.02
15:12:48.385 86,0.35,0.21,-0.80,0.02,-0.01,-0.02
15:12:48.405 87,0.32,0.18,-0.74,0.02,-0.03,0.02
15:12:48.425 88,0.27,0.16,-0.90,-0.01,0.01,0.01
15:12:48.445 89,0.33,0.20,-0.79,-0.02,-0.00,0.00
15:12:48.465 90,0.30,0.15,-0.89,-0.01,0.01,-0.02
15:12:48.485 91,0.35,0.05,-0.76,0.00,0.00,0.01
15:12:48.505 92,0.26,0.22,-0.80,0.01,-0.00,-0.02
15:12:48.525 93,0.28,0.25,-0.78,-0.04,-0.02,-0.00
15:12:48.545 94,0.28,0.08,-0.84,-0.00,0.00,0.03
15:12:48.565 95,0.23,0.15,-0.74,0.00,0.01,-0.01
15:12:48.585 96,0.31,0.23,-0.75,-0.01,-0.02,-0.03
15:12:48.605 97,0.31,0.30,-0.77,0.03,0.00,-0.02
15:12:48.625 98,0.30,0.20,-0.81,0.01,0.00,0.02
15:12:48.645 99,0.29,0.16,-0.77,0.03,-0.01,0.01
15:12:48.665 100,0.23,0.19,-0.84,-0.00,-0.01,-0.00
15:12:48.685 101,0.28,0.27,-0.76,0.02,0.00,-0.01
15:12:48.705 102,0.28,0.17,-0.72,0.03,-0.02,0.01
15:12:48.725 103,0.26,0.16,-0.75,0.03,0.01,-0.02
15:12:48.745 104,0.29,0.18,-0.84,-0.02,-0.02,0.01
15:12:48.765 105,0.32,0.15,-0.78,-0.01,0.02,-0.01
15:12:48.785 106,0.39,0.21,-0.86,-0.01,0.05,-0.02
15:12:48.805 107,0.31,0.28,-0.77,0.01,-0.02,-0.01
15:12:48.825 108,0.31,0.22,-0.78,0.01,0.01,-0.01
15:12:48.845 109,0.30,0.19,-0.89,-0.02,-0.01,-0.00
15:12:48.865 110,0.20,0.19,-0.86,0.00,0.02,0.00
15:12:48.885 111,0.30,0.12,-0.81,-0.04,-0.03,-0.07
15:12:48.905 112,0.30,0.24,-0.82,0.03,0.01,-0.02
15:12:48.925 113,0.42,0.20,-0.86,-0.01,-0.02,-0.01
15:12:48.945 114,0.29,0.19,-0.78,0.00,-0.00,0.03
15:12:48.965 115,0.32,0.36,-0.79,-0.01,-0.02,-0.02
15:12:48.985 116,0.30,0.21,-0.81,0.02,0.02,0.00
15:12:49.005 117,0.24,0.16,-0.84,-0.06,-0.02,0.03
15:12:49.025 118,0.36,0.18,-0.75,-0.00,0.01,-0.03
15:12:49.045 119,0.34,0.26,-0.72,-0.00,-0.01,0.01
15:12:49.065 120,0.34,0.21,-0.82,-0.01,-0.00,-0.02
15:12:49.085 121,0.25,0.13,-0.83,0.03,0.00,-0.01
15:12:49.105 122,0.37,0.25,-0.78,-0.02,-0.02,-0.02
15:12:49.125 123,0.23,0.17,-0.82,0.02,0.00,-0.01
15:12:49.145 124,0.33,0.29,-0.81,0.01,0.03,0.05
15:12:49.165 125,0.41,0.25,-0.76,0.03,-0.02,0.02
15:12:49.185 126,0.25,0.18,-0.90,-0.01,0.02,0.02
15:12:49.205 127,0.27,0.26,-0.73,-0.01,0.03,0.01
15:12:49.225 128,0.30,0.20,-0.80,0.02,-0.02,-0.03
15:12:49.245 129,0.27,0.24,-0.82,0.01,-0.03,0.01
15:12:49.265 130,0.22,0.22,-0.80,-0.03,0.01,0.02
15:12:49.285 131,0.30,0.16,-0.80,-0.01,-0.01,-0.02
15:12:49.305 132,0.25,0.17,-0.89,0.01,0.04,0.02
15:12:49.325 133,0.32,0.25,-0.73,0.02,0.00,0.01
15:12:49.345 134,0.25,0.18,-0.80,-0.01,-0.02,0.04
15:12:49.365 135,0.38,0.18,-0.78,-0.06,-0.02,-0.01
15:12:49.385 136,0.26,0.15,-0.75,0.01,0.02,-0.02
15:12:49.405 137,0.28,0.22,-0.85,-0.02,-0.01,-0.01
15:12:49.425 138,0.34,0.30,-0.78,-0.04,0.00,0.03
15:12:49.445 139,0.24,0.15,-0.81,-0.06,0.02,-0.04
15:12:49.465 140,0.31,0.20,-0.76,0.02,-0.01,-0.04
15:12:49.485 141,0.37,0.27,-0.91,0.00,-0.00,0.00
15:12:49.505 142,0.22,0.20,-0.80,-0.00,-0.00,-0.01
15:12:49.525 143,0.31,0.22,-0.83,0.03,0.01,0.00
15:12:49.545 144,0.31,0.15,-0.78,0.01,0.01,0.02
15:12:49.565 145,0.34,0.22,-0.78,0.03,-0.00,-0.01
15:12:49.585 146,0.24,0.19,-0.84,-0.03,0.00,-0.04
15:12:49.605 147,0.23,0.25,-0.84,-0.00,-0.01,0.04
15:12:49.625 148,0.33,0.26,-0.81,-0.03,-0.03,-0.02
15:12:49.645 149,0.31,0.33,-0.84,-0.00,0.01,-0.02
15:12:49.665 150,0.31,0.23,-0.76,-0.00,0.04,0.02
15:12:49.685 151,0.32,0.22,-0.82,0.01,-0.02,-0.01
15:12:49.705 152,0.27,0.21,-0.95,0.00,-0.02,-0.00
15:12:49.725 153,0.31,0.18,-0.82,0.01,-0.02,0.01
15:12:49.745 154,0.31,0.22,-0.85,0.01,0.01,0.02
15:12:49.765 155,0.26,0.19,-0.88,0.04,0.01,-0.01
15:12:49.785 156,0.39,0.21,-0.86,-0.01,-0.00,0.03
15:12:49.805 157,0.32,0.27,-0.79,-0.02,-0.02,-0.04
15:12:49.825 158,0.24,0.15,-0.73,0.00,0.00,0.02
15:12:49.845 159,0.33,0.26,-0.78,-0.02,-0.03,-0.02
15:12:49.865 160,0.25,0.27,-0.83,0.03,0.00,0.03
15:12:49.885 161,0.34,0.19,-0.78,-0.01,0.02,0.00
15:12:49.905 162,0.36,0.09,-0.82,-0.01,-0.03,-0.01
15:12:49.925 163,0.26,0.17,-0.83,-0.01,-0.03,0.01
15:12:49.945 164,0.35,0.26,-0.86,0.01,0.03,0.02
15:12:49.965 165,0.32,0.20,-0.89,-0.00,-0.01,0.01
15:12:49.985 166,0.34,0.15,-0.82,-0.01,0.02,-0.02
15:12:50.005 167,0.39,0.17,-0.79,0.03,-0.00,-0.01
15:12:50.025 168,0.29,0.24,-0.80,-0.02,-0.00,-0.00
15:12:50.045 169,0.26,0.23,-0.82,0.00,0.01,-0.00
15:12:50.065 170,0.26,0.19,-0.85,0.01,-0.02,0.01
15:12:50.085 171,0.26,0.18,-0.77,-0.03,0.00,-0.04
15:12:50.105 172,0.30,0.18,-0.87,0.01,-0.01,0.01
15:12:50.125 173,0.32,0.15,-0.76,-0.02,-0.03,-0.01
15:12:50.145 174,0.31,0.28,-0.85,0.02,0.01,-0.02
15:12:50.165 175,0.34,0.18,-0.84,-0.02,-0.01,-0.01
15:12:50.185 176,0.30,0.26,-0.87,0.01,-0.00,-0.00
15:12:50.205 177,0.37,0.28,-0.83,0.02,-0.02,-0.07
15:12:50.225 178,0.29,0.25,-0.75,0.02,0.03,-0.01
15:12:50.245 179,0.44,0.18,-0.77,0.01,0.02,-0.02
15:12:50.265 180,0.33,0.22,-0.75,-0.00,0.02,0.01
15:12:50.285 181,0.26,0.20,-0.77,-0.01,-0.01,-0.02
15:12:50.305 182,0.25,0.15,-0.86,0.03,-0.03,-0.00
15:12:50.325 183,0.32,0.22,-0.82,-0.01,0.04,0.03
15:12:50.345 184,0.29,0.14,-0.84,-0.02,-0.00,0.02
15:12:50.365 185,0.34,0.26,-0.73,0.01,-0.01,0.02
15:12:50.385 186,0.32,0.18,-0.86,-0.02,0.01,-0.01
15:12:50.405 187,0.30,0.21,-0.76,-0.02,0.02,0.01
15:12:50.425 188,0.26,0.21,-0.76,-0.03,-0.00,-0.00
15:12:50.445 189,0.22,0.19,-0.71,-0.01,0.03,-0.00
15:12:50.465 190,0.28,0.23,-0.82,-0.00,0.02,0.01
15:12:50.485 191,0.34,0.18,-0.76,0.00,-0.02,-0.01
15:12:50.505 192,0.31,0.24,-0.69,0.02,-0.01,0.03
15:12:50.525 193,0.24,0.13,-0.83,0.01,0.02,-0.00
15:12:50.545 194,0.31,0.21,-0.88,-0.00,-0.05,0.01
15:12:50.565 195,0.32,0.30,-0.89,-0.00,-0.00,0.03
15:12:50.585 196,0.26,0.15,-0.76,0.01,-0.03,0.02
15:12:50.605 197,0.31,0.17,-0.89,0.03,-0.01,-0.03
15:12:50.625 198,0.30,0.23,-0.82,0.00,-0.01,0.01
15:12:50.645 199,0.24,0.21,-0.78,-0.01,-0.01,0.02
15:12:50.665 200,0.32,0.22,-0.79,-0.02,-0.01,0.02
15:12:50.685 201,0.33,0.22,-0.78,-0.03,-0.02,-0.02
15:12:50.705 202,0.35,0.23,-0.79,0.01,0.05,-0.01
15:12:50.725 203,0.35,0.26,-0.74,0.01,0.04,0.02
15:12:50.745 204,0.23,0.22,-0.85,0.01,-0.02,-0.02
15:12:50.765 205,0.25,0.19,-0.83,-0.00,0.03,-0.01
15:12:50.785 206,0.33,0.23,-0.84,0.03,-0.01,0.03
15:12:50.805 207,0.33,0.29,-0.76,-0.01,0.00,-0.00
15:12:50.825 208,0.33,0.19,-0.75,0.02,-0.00,-0.01
15:12:50.845 209,0.49,0.15,-0.78,-0.00,-0.01,-0.02
15:12:50.865 210,0.33,0.26,-0.74,-0.01,0.02,0.01
15:12:50.885 211,0.36,0.19,-0.86,0.01,0.00,-0.03
15:12:50.905 212,0.35,0.09,-0.72,0.01,-0.01,-0.00
15:12:50.925 213,0.33,0.24,-0.72,0.01,-0.03,0.01
15:12:50.945 214,0.28,0.17,-0.76,0.00,-0.02,0.03
15:12:50.965 215,0.34,0.20,-0.71,-0.00,-0.03,0.01
15:12:50.985 216,0.26,0.22,-0.88,0.05,0.00,-0.01
15:12:51.005 217,0.29,0.21,-0.83,0.02,-0.02,0.02
15:12:51.025 218,0.28,0.24,-0.84,0.01,-0.01,-0.01
15:12:51.045 219,0.30,0.18,-0.76,0.00,0.03,-0.02
15:12:51.065 220,0.42,0.23,-0.85,0.02,0.02,-0.00
15:12:51.085 221,0.21,0.19,-0.76,0.01,-0.00,0.03
15:12:51.105 222,0.33,0.24,-0.73,0.00,-0.00,0.00
15:12:51.125 223,0.22,0.23,-0.77,-0.01,0.04,0.00
15:12:51.145 224,0.28,0.15,-0.79,-0.00,0.01,0.03
15:12:51.165 225,0.35,0.25,-0.85,-0.06,-0.01,-0.03
15:12:51.185 226,0.30,0.17,-0.84,0.00,-0.03,-0.03
15:12:51.205 227,0.25,0.24,-0.74,-0.01,0.01,-0.03
15:12:51.225 228,0.26,0.22,-0.76,0.03,0.02,0.01
15:12:51.245 229,0.33,0.29,-0.80,0.00,-0.01,0.00
15:12:51.265 230,0.26,0.19,-0.82,-0.02,0.01,0.03
15:12:51.285 231,0.31,0.18,-0.90,-0.00,-0.01,0.00
15:12:51.305 232,0.30,0.20,-0.85,-0.02,-0.00,-0.01
15:12:51.325 233,0.27,0.18,-0.70,0.01,-0.05,0.00
15:12:51.345 234,0.41,0.24,-0.86,0.01,-0.00,0.00
15:12:51.365 235,0.33,0.12,-0.79,0.02,0.02,-0.03
15:12:51.385 236,0.20,0.15,-0.75,-0.02,-0.01,0.05
15:12:51.405 237,0.31,0.15,-0.86,0.00,0.00,0.01
15:12:51.425 238,0.27,0.25,-0.79,-0.03,-0.02,0.00
15:12:51.445 239,0.34,0.29,-0.75,0.01,0.01,0.01
15:12:51.465 240,0.26,0.19,-0.80,0.01,-0.00,0.01
15:12:51.485 241,0.29,0.19,-0.66,0.01,-0.02,-0.00
15:12:51.505 242,0.33,0.20,-0.88,0.00,0.03,-0.01
15:12:51.525 243,0.34,0.26,-0.75,0.01,0.02,0.01
15:12:51.545 244,0.24,0.15,-0.81,0.03,-0.01,0.01
15:12:51.565 245,0.28,0.21,-0.76,-0.01,0.01,-0.02
15:12:51.585 246,0.28,0.25,-0.78,0.00,0.01,0.03
15:12:51.605 247,0.27,0.23,-0.84,-0.02,0.01,0.01
15:12:51.625 248,0.39,0.21,-0.79,-0.02,-0.03,0.01
15:12:51.645 249,0.32,0.25,-0.89,0.00,0.02,0.03
15:12:51.665 250,0.24,0.06,-0.77,0.02,-0.01,0.00
15:12:51.685 251,0.35,0.23,-0.79,-0.01,-0.01,0.01
15:12:51.705 252,0.41,0.17,-0.77,-0.00,0.05,0.02
15:12:51.725 253,0.35,0.11,-0.75,-0.01,0.01,-0.01
15:12:51.745 254,0.22,0.23,-0.78,-0.01,-0.01,0.00
15:12:51.765 255,0.28,0.27,-0.79,0.01,-0.04,0.00
15:12:51.785 256,0.36,0.19,-0.84,-0.03,0.03,-0.02
15:12:51.805 257,0.26,0.25,-0.84,0.03,-0.03,0.05
15:12:51.825 258,0.32,0.28,-0.74,-0.01,-0.02,-0.03
15:12:51.845 259,0.34,0.27,-0.73,0.01,-0.01,-0.03
15:12:51.865 260,0.25,0.28,-0.81,-0.03,0.03,0.03
15:12:51.885 261,0.30,0.24,-0.80,0.01,0.02,0.01
15:12:51.905 262,0.14,0.20,-0.85,0.01,-0.00,-0.02
15:12:51.925 263,0.25,0.12,-0.74,0.01,0.01,0.01
15:12:51.945 264,0.29,0.19,-0.77,-0.02,-0.01,0.03
15:12:51.965 265,0.24,0.16,-0.70,0.00,0.00,-0.00
15:12:51.985 266,0.38,0.31,-0.84,-0.02,0.00,0.05
15:12:52.005 267,0.23,0.19,-0.82,-0.01,0.02,-0.03
15:12:52.025 268,0.28,0.21,-0.79,0.02,0.02,0.01
15:12:52.045 269,0.31,0.23,-0.77,0.02,0.01,0.02
15:12:52.065 270,0.37,0.20,-0.81,0.00,-0.01,0.02
15:12:52.085 271,0.23,0.28,-0.84,-0.02,0.01,-0.00
15:12:52.105 272,0.36,0.17,-0.76,0.01,-0.00,-0.01
15:12:52.125 273,0.30,0.21,-0.76,0.00,-0.02,0.01
15:12:52.145 274,0.25,0.16,-0.85,-0.05,-0.01,0.02
15:12:52.165 275,0.32,0.13,-0.73,0.02,0.00,0.01
15:12:52.185 276,0.31,0.17,-0.74,-0.00,0.02,0.02
15:12:52.205 277,0.27,0.20,-0.79,0.02,-0.00,-0.02
15:12:52.225 278,0.30,0.18,-0.80,-0.02,-0.02,-0.00
15:12:52.245 279,0.28,0.17,-0.77,-0.06,0.00,-0.02
15:12:52.265 280,0.31,0.13,-0.84,0.01,0.00,-0.01
15:12:52.285 281,0.33,0.20,-0.80,0.01,0.00,0.02
15:12:52.305 282,0.38,0.12,-0.91,-0.03,0.02,0.00
15:12:52.325 283,0.24,0.24,-0.76,-0.02,0.02,0.05
15:12:52.345 284,0.41,0.20,-0.88,0.06,-0.01,0.00
15:12:52.365 285,0.20,0.13,-0.72,-0.01,-0.01,0.00
15:12:52.385 286,0.29,0.18,-0.82,0.01,-0.02,0.00
15:12:52.405 287,0.33,0.16,-0.81,-0.01,0.01,-0.01
15:12:52.425 288,0.31,0.22,-0.83,-0.04,0.03,-0.00
15:12:52.445 289,0.27,0.27,-0.81,-0.00,-0.01,0.02
15:12:52.465 290,0.29,0.11,-0.73,-0.01,-0.00,0.00
15:12:52.485 291,0.28,0.21,-0.92,-0.01,0.03,-0.02
15:12:52.505 292,0.27,0.19,-0.74,-0.00,0.01,-0.02
15:12:52.525 293,0.34,0.23,-0.78,0.01,0.01,-0.01
15:12:52.545 294,0.32,0.21,-0.86,-0.00,-0.02,0.00
15:12:52.565 295,0.27,0.16,-0.85,-0.03,0.01,0.02
15:12:52.585 296,0.34,0.18,-0.72,0.01,-0.02,-0.03
15:12:52.605 297,0.32,0.16,-0.85,-0.04,-0.02,-0.01
15:12:52.625 298,0.34,0.25,-0.86,-0.04,-0.01,0.00
15:12:52.645 299,0.33,0.20,-0.74,0.01,-0.01,-0.04
15:12:52.665 300,0.26,0.30,-0.78,0.01,-0.00,-0.02
15:12:52.685 301,0.27,0.20,-0.85,-0.00,-0.03,-0.01
15:12:52.705 302,0.34,0.16,-0.79,-0.03,0.02,-0.02
15:12:52.725 303,0.33,0.12,-0.85,-0.01,0.02,0.00
15:12:52.745 304,0.30,0.11,-0.74,-0.01,-0.04,-0.00
15:12:52.765 305,0.31,0.12,-0.75,-0.03,0.02,-0.01
15:12:52.785 306,0.36,0.21,-0.77,-0.01,-0.02,0.01
15:12:52.805 307,0.27,0.23,-0.78,0.01,0.02,0.03
15:12:52.825 308,0.33,0.12,-0.71,0.03,-0.00,0.03
15:12:52.845 309,0.29,0.24,-0.80,-0.01,0.00,-0.04
15:12:52.865 310,0.29,0.18,-0.86,0.02,-0.00,0.01
15:12:52.885 311,0.35,0.21,-0.78,-0.04,0.02,-0.00
15:12:52.905 312,0.34,0.28,-0.70,0.01,-0.02,0.00
15:12:52.925 313,0.34,0.24,-0.85,-0.02,0.01,-0.01
15:12:52.945 314,0.37,0.19,-0.82,0.01,0.02,0.00
15:12:52.965 315,0.30,0.16,-0.78,-0.00,0.01,0.00
15:12:52.985 316,0.33,0.09,-0.80,0.03,0.05,-0.01
15:12:53.005 317,0.28,0.16,-0.85,-0.02,-0.01,-0.02
15:12:53.025 318,0.32,0.19,-0.74,0.01,0.02,-0.01
15:12:53.045 319,0.29,0.15,-0.68,-0.01,-0.00,0.00
15:12:53.065 320,0.30,0.19,-0.79,-0.00,0.02,0.01
15:12:53.085 321,0.33,0.20,-0.85,-0.00,-0.00,0.02
15:12:53.105 322,0.26,0.19,-0.88,-0.02,-0.01,-0.01
15:12:53.125 323,0.40,0.17,-0.79,-0.00,0.03,0.01
15:12:53.145 324,0.25,0.21,-0.74,-0.00,-0.01,0.02
15:12:53.165 325,0.24,0.22,-0.78,0.00,-0.03,0.02
15:12:53.185 326,0.36,0.15,-0.80,0.00,-0.01,-0.00
15:12:53.205 327,0.34,0.27,-0.83,0.02,0.01,-0.00
15:12:53.225 328,0.33,0.20,-0.85,0.02,0.03,0.00
15:12:53.245 329,0.33,0.20,-0.76,-0.02,0.00,-0.02
15:12:53.265 330,0.30,0.24,-0.75,0.02,0.03,-0.00
15:12:53.285 331,0.26,0.21,-0.88,-0.02,-0.03,0.01
15:12:53.305 332,0.30,0.25,-0.72,0.01,-0.01,0.01
15:12:53.325 333,0.27,0.21,-0.77,0.01,-0.01,-0.01
15:12:53.345 334,0.35,0.17,-0.73,-0.04,-0.00,0.00
15:12:53.365 335,0.29,0.22,-0.87,0.00,0.00,-0.02
15:12:53.385 336,0.26,0.14,-0.87,-0.01,0.01,0.01
15:12:53.405 337,0.28,0.21,-0.81,-0.02,-0.01,-0.00
15:12:53.425 338,0.32,0.20,-0.77,0.03,0.00,-0.01
15:12:53.445 339,0.27,0.19,-0.71,-0.01,-0.00,-0.01
15:12:53.465 340,0.26,0.19,-0.76,-0.02,-0.02,-0.00
15:12:53.485 341,0.31,0.11,-0.81,0.00,-0.00,-0.01
15:12:53.505 342,0.31,0.17,-0.85,0.01,-0.00,0.01
15:12:53.525 343,0.27,0.20,-0.74,-0.00,-0.00,-0.01
15:12:53.545 344,0.28,0.21,-0.85,0.02,0.00,0.03
15:12:53.565 345,0.31,0.15,-0.72,0.01,0.00,0.03
15:12:53.585 346,0.23,0.26,-0.81,-0.04,-0.01,-0.02
15:12:53.605 347,0.23,0.16,-0.72,-0.01,0.03,0.00
15:12:53.625 348,0.26,0.25,-0.77,-0.01,-0.02,-0.01
15:12:53.645 349,0.29,0.22,-0.81,0.01,-0.01,-0.01
15:12:53.665 350,0.32,0.17,-0.83,-0.05,0.06,0.04
15:12:53.685 351,0.37,0.29,-0.82,0.05,-0.02,-0.01
15:12:53.705 352,0.34,0.14,-0.78,0.01,-0.03,0.01
15:12:53.725 353,0.29,0.25,-0.80,0.00,0.01,0.01
15:12:53.745 354,0.30,0.25,-0.83,0.02,-0.04,-0.02
15:12:53.765 355,0.25,0.17,-0.81,0.05,-0.00,-0.02
15:12:53.785 356,0.30,0.27,-0.80,0.02,0.04,-0.02
15:12:53.805 357,0.29,0.19,-0.91,0.02,-0.03,-0.02
15:12:53.825 358,0.32,0.21,-0.78,0.00,-0.04,-0.06
15:12:53.845 359,0.26,0.21,-0.85,-0.00,-0.03,0.01
15:12:53.865 360,0.33,0.19,-0.86,-0.01,0.02,0.04
15:12:53.885 361,0.38,0.24,-0.88,-0.02,0.02,0.00
15:12:53.905 362,0.29,0.24,-0.89,-0.01,-0.01,-0.03
15:12:53.925 363,0.32,0.11,-0.87,-0.03,0.01,-0.01
15:12:53.945 364,0.33,0.27,-0.84,-0.00,0.03,-0.01
15:12:53.965 365,0.28,0.12,-0.70,-0.03,0.04,-0.02
15:12:53.985 366,0.31,0.25,-0.83,0.00,-0.00,0.02
15:12:54.005 367,0.30,0.26,-0.79,-0.00,-0.05,0.02
15:12:54.025 368,0.30,0.15,-0.78,0.00,-0.02,-0.02
15:12:54.045 369,0.26,0.18,-0.79,-0.01,-0.01,0.01
15:12:54.065 370,0.30,0.14,-0.80,0.06,-0.01,0.03
15:12:54.085 371,0.32,0.19,-0.86,0.03,-0.00,0.04
15:12:54.105 372,0.37,0.18,-0.73,-0.02,0.02,0.06
15:12:54.125 373,0.35,0.24,-0.71,0.00,0.03,-0.02
15:12:54.145 374,0.41,0.27,-0.88,-0.01,-0.00,0.06
15:12:54.165 375,0.26,0.27,-0.85,-0.02,0.02,-0.01
15:12:54.185 376,0.34,0.17,-0.81,-0.03,0.01,-0.01
15:12:54.205 377,0.31,0.19,-0.85,0.01,0.00,0.01
15:12:54.225 378,0.41,0.12,-0.77,-0.01,0.02,-0.01
15:12:54.245 379,0.26,0.16,-0.84,0.02,0.00,0.01
15:12:54.265 380,0.26,0.25,-0.69,0.02,0.04,-0.03
15:12:54.285 381,0.27,0.28,-0.74,0.03,-0.03,-0.00
15:12:54.305 382,0.19,0.14,-0.79,-0.02,-0.01,0.03
15:12:54.325 383,0.27,0.17,-0.75,0.01,-0.00,-0.00
15:12:54.345 384,0.26,0.20,-0.74,0.01,0.01,0.00
15:12:54.365 385,0.31,0.21,-0.83,-0.01,0.03,0.01
15:12:54.385 386,0.32,0.16,-0.84,-0.02,-0.00,0.02
15:12:54.405 387,0.39,0.22,-0.80,0.03,-0.03,-0.03
15:12:54.425 388,0.35,0.18,-0.76,0.00,0.02,0.01
15:12:54.445 389,0.27,0.20,-0.79,0.01,0.02,-0.01
15:12:54.465 390,0.26,0.23,-0.88,-0.02,-0.04,0.00
15:12:54.485 391,0.32,0.20,-0.84,-0.02,-0.00,0.02
15:12:54.505 392,0.23,0.18,-0.80,-0.01,-0.03,-0.02
15:12:54.525 393,0.39,0.19,-0.80,-0.00,-0.01,-0.02
15:12:54.545 394,0.36,0.20,-0.70,-0.02,-0.02,-0.04
15:12:54.565 395,0.28,0.18,-0.87,-0.00,0.02,-0.01
15:12:54.585 396,0.21,0.19,-0.77,-0.03,0.00,0.03
15:12:54.605 397,0.37,0.28,-0.73,-0.02,-0.03,-0.00
15:12:54.625 398,0.29,0.23,-0.69,0.01,0.02,-0.03
15:12:54.645 399,0.36,0.19,-0.82,0.01,-0.03,-0.01
15:12:54.665 400,7.00,0.23,-0.78,-0.01,0.01,-0.03
15:12:54.685 401,0.27,0.18,-0.77,-0.02,-0.02,-0.02
15:12:54.705 402,0.30,0.26,-0.79,-0.02,-0.01,0.01
15:12:54.725 403,0.30,0.22,-0.80,-0.01,0.01,-0.02
15:12:54.745 404,0.28,0.19,-0.78,0.01,0.01,0.02
15:12:54.765 405,0.33,0.22,-0.93,0.02,0.03,-0.00
15:12:54.785 406,0.25,0.12,-0.77,-0.01,-0.00,0.00
15:12:54.805 407,0.29,0.14,-0.79,-0.02,0.01,-0.01
15:12:54.825 408,0.31,0.14,-0.81,0.01,-0.01,0.02
15:12:54.845 409,0.33,0.21,-0.70,-0.02,0.00,0.02
15:12:54.865 410,0.34,0.29,-0.83,-0.01,0.01,0.01
15:12:54.885 411,0.24,0.31,-0.82,0.03,-0.00,0.01
15:12:54.905 412,0.22,0.23,-0.70,0.02,-0.04,-0.00
15:12:54.925 413,0.36,0.23,-0.84,0.00,0.01,0.01
15:12:54.945 414,0.32,0.11,-0.83,-0.03,0.01,-0.01
15:12:54.965 415,0.26,0.17,-0.81,0.00,-0.01,0.00
15:12:54.985 416,0.38,0.16,-0.76,0.02,-0.03,-0.01
15:12:55.005 417,0.31,0.17,-0.79,-0.01,0.03,-0.01
15:12:55.025 418,0.36,0.19,-0.86,0.03,0.01,-0.01
15:12:55.045 419,0.30,0.18,-0.83,0.03,-0.00,0.01
15:12:55.065 420,0.40,0.10,-0.83,0.03,-0.02,0.03
15:12:55.085 421,0.39,0.24,-0.80,0.01,-0.02,0.02
15:12:55.105 422,0.29,0.15,-0.78,0.01,0.03,-0.03
15:12:55.125 423,0.35,0.21,-0.78,0.03,0.00,0.03
15:12:55.145 424,0.33,0.30,-0.89,0.01,-0.01,-0.01
15:12:55.165 425,0.37,0.15,-0.75,-0.01,0.01,0.01
15:12:55.185 426,0.25,0.07,-0.79,-0.01,-0.02,-0.02
15:12:55.205 427,0.33,0.19,-0.73,0.00,0.03,0.00
15:12:55.225 428,0.35,0.26,-0.78,-0.03,0.03,0.01
15:12:55.245 429,0.21,0.30,-0.74,-0.00,-0.01,-0.03
15:12:55.265 430,0.24,0.14,-0.78,0.02,-0.01,0.01
15:12:55.285 431,0.20,0.22,-0.73,-0.04,-0.05,0.03
15:12:55.305 432,0.29,0.18,-0.77,0.03,-0.03,-0.00
15:12:55.325 433,0.34,0.19,-0.80,0.02,-0.03,0.03
15:12:55.345 434,0.38,0.33,-0.69,-0.01,0.00,-0.00
15:12:55.365 435,0.30,0.12,-0.76,0.01,-0.01,0.02
15:12:55.385 436,0.38,0.21,-0.77,0.00,-0.03,-0.04
15:12:55.405 437,0.23,0.22,-0.86,0.02,-0.01,0.05
15:12:55.425 438,0.21,0.25,-0.86,0.02,0.01,0.03
15:12:55.445 439,0.30,0.20,-0.79,-0.03,0.01,-0.01
15:12:55.465 440,0.32,0.22,-0.79,0.01,-0.04,-0.04
15:12:55.485 441,0.30,0.18,-0.83,-0.00,-0.00,0.01
15:12:55.505 442,0.20,0.21,-0.79,0.00,-0.03,-0.03
15:12:55.525 443,0.30,0.18,-0.72,-0.01,0.02,0.01
15:12:55.545 444,0.23,0.23,-0.77,0.03,0.02,0.01
15:12:55.565 445,0.33,0.18,-0.86,0.02,-0.02,-0.02
15:12:55.585 446,0.32,0.22,-0.81,-0.01,-0.02,0.02
15:12:55.605 447,0.25,0.20,-0.84,-0.03,-0.01,0.02
15:12:55.625 448,0.27,0.26,-0.82,-0.01,-0.05,0.02
15:12:55.645 449,0.25,0.20,-0.82,0.01,0.01,0.00
15:12:55.665 450,0.30,0.11,-0.82,0.00,-0.01,-0.03
15:12:55.685 451,0.35,0.26,-0.86,0.03,0.02,0.02
15:12:55.705 452,0.25,0.15,-0.81,0.02,-0.02,-0.01
15:12:55.725 453,0.33,0.17,-0.83,0.02,-0.01,-0.03
15:12:55.745 454,0.27,0.17,-0.95,0.01,-0.03,0.03
15:12:55.765 455,0.26,0.27,-0.70,-0.03,-0.02,0.04
15:12:55.785 456,0.29,0.09,-0.75,-0.00,-0.02,-0.00
15:12:55.805 457,0.25,0.36,-0.82,0.02,0.02,0.04
15:12:55.825 458,0.27,0.25,-0.80,-0.00,-0.01,0.00
15:12:55.845 459,0.24,0.21,-0.86,0.01,0.00,-0.01
15:12:55.865 460,0.40,0.20,-0.72,-0.01,-0.01,-0.01
15:12:55.885 461,0.30,0.21,-0.71,-0.02,-0.03,0.03
15:12:55.905 462,0.27,0.23,-0.79,-0.00,-0.00,-0.02
15:12:55.925 463,0.31,0.23,-0.75,0.01,0.01,0.01
15:12:55.945 464,0.29,0.23,-0.79,-0.01,-0.02,-0.01
15:12:55.965 465,0.29,0.20,-0.87,-0.00,0.02,-0.01
15:12:55.985 466,0.33,0.19,-0.82,-0.02,-0.02,0.02
15:12:56.005 467,0.34,0.19,-0.79,0.02,-0.01,-0.01
15:12:56.025 468,0.27,0.19,-0.82,-0.01,0.01,-0.01
15:12:56.045 469,0.27,0.26,-0.81,0.03,-0.01,0.02
15:12:56.065 470,0.29,0.23,-0.80,0.03,0.00,0.03
15:12:56.085 471,0.18,0.05,-0.80,-0.00,-0.01,0.01
15:12:56.105 472,0.22,0.23,-0.80,-0.02,0.00,-0.01
15:12:56.125 473,0.37,0.21,-0.85,-0.04,-0.05,-0.01
15:12:56.145 474,0.38,0.20,-0.84,-0.03,-0.04,0.00
15:12:56.165 475,0.29,0.18,-0.86,-0.03,0.01,0.01
15:12:56.185 476,0.33,0.26,-0.75,0.03,0.02,-0.02
15:12:56.205 477,0.32,0.25,-0.91,0.00,-0.02,0.01
15:12:56.225 478,0.45,0.16,-0.74,0.01,-0.00,0.00
15:12:56.245 479,0.36,0.22,-0.73,-0.04,0.01,-0.03
15:12:56.265 480,0.29,0.15,-0.82,-0.02,0.01,-0.02
15:12:56.285 481,0.25,0.13,-0.93,0.02,-0.04,-0.01
15:12:56.305 482,0.22,0.17,-0.82,0.01,-0.02,-0.00
15:12:56.325 483,0.31,0.24,-0.80,-0.00,-0.01,0.04
15:12:56.345 484,0.26,0.25,-0.85,0.01,0.01,0.00
15:12:56.365 485,0.23,0.23,-0.83,0.03,0.05,-0.02
15:12:56.385 486,0.27,0.24,-0.72,-0.00,-0.00,0.00
15:12:56.405 487,0.25,0.23,-0.77,0.00,-0.03,-0.01
15:12:56.425 488,0.38,0.17,-0.85,0.00,0.01,0.01
15:12:56.445 489,0.34,0.22,-0.88,0.05,0.03,0.01
15:12:56.465 490,0.30,0.24,-0.82,-0.04,0.00,0.02
15:12:56.485 491,0.37,0.24,-0.81,0.01,-0.02,-0.00
15:12:56.505 492,0.30,0.26,-0.78,-0.00,0.02,0.03
15:12:56.525 493,0.26,0.24,-0.83,0.01,0.01,0.02
15:12:56.545 494,0.38,0.22,-0.77,-0.01,-0.02,-0.01
15:12:56.565 495,0.33,0.25,-0.70,-0.00,0.01,0.04
15:12:56.585 496,0.25,0.20,-0.76,0.01,0.02,0.01
15:12:56.605 497,0.29,0.16,-0.80,0.06,0.02,-0.02
15:12:56.625 498,0.26,0.19,-0.81,0.02,-0.00,0.03
15:12:56.645 499,0.23,0.16,-0.82,-0.02,-0.01,0.04
15:12:56.665 500,0.35,0.17,3.20,-0.01,0.02,-0.00
15:12:56.685 501,0.40,0.19,3.20,-0.01,-0.02,-0.01
15:12:56.705 502,0.23,0.16,3.20,-0.04,0.01,-0.00
15:12:56.725 503,0.33,0.18,3.20,-0.01,-0.03,0.01
15:12:56.745 504,0.27,0.11,3.20,0.01,0.02,0.03
15:12:56.765 505,0.28,0.21,3.20,-0.03,-0.01,0.01
15:12:56.785 506,0.27,0.20,3.20,0.02,0.03,0.00
15:12:56.805 507,0.26,0.16,3.20,0.01,0.01,0.03
15:12:56.825 508,0.30,0.23,3.20,-0.01,-0.02,-0.01
15:12:56.845 509,0.26,0.25,3.20,-0.00,0.03,0.02
15:12:56.865 510,0.31,0.12,3.20,0.03,0.03,-0.01
15:12:56.885 511,0.30,0.16,3.20,0.01,0.02,0.01
15:12:56.905 512,0.29,0.16,3.20,0.00,-0.02,-0.00
15:12:56.925 513,0.25,0.15,3.20,-0.00,-0.01,-0.00
15:12:56.945 514,0.27,0.24,3.20,0.00,0.00,-0.01
15:12:56.965 515,0.34,0.19,3.20,-0.01,-0.01,0.03
15:12:56.985 516,0.33,0.19,3.20,-0.04,0.03,-0.01
15:12:57.005 517,0.25,0.10,3.20,0.04,0.00,-0.01
15:12:57.025 518,0.30,0.23,3.20,0.00,-0.05,0.04
15:12:57.045 519,0.34,0.14,3.20,0.01,0.01,0.02
15:12:57.065 520,0.22,0.20,3.20,-0.00,-0.01,-0.05
15:12:57.085 521,0.33,0.21,3.20,-0.01,-0.00,-0.01
15:12:57.105 522,0.27,0.27,3.20,-0.00,-0.01,-0.04
15:12:57.125 523,0.33,0.13,3.20,-0.03,0.02,-0.02
15:12:57.145 524,0.26,0.05,3.20,0.05,0.02,-0.06
15:12:57.165 525,0.21,0.21,3.20,-0.02,0.01,-0.00
15:12:57.185 526,0.22,0.29,3.20,-0.02,-0.01,-0.02
15:12:57.205 527,0.30,0.26,3.20,-0.01,-0.00,0.00
15:12:57.225 528,0.31,0.21,3.20,0.03,0.00,-0.03
15:12:57.245 529,0.25,0.18,3.20,0.00,-0.02,0.00
15:12:57.265 530,0.33,0.24,3.20,-0.02,0.01,-0.01
15:12:57.285 531,0.22,0.15,3.20,0.03,0.01,0.03
15:12:57.305 532,0.30,0.22,3.20,0.01,0.03,0.03
15:12:57.325 533,0.24,0.23,3.20,0.01,0.03,0.02
15:12:57.345 534,0.27,0.25,3.20,0.01,-0.01,-0.01
15:12:57.365 535,0.30,0.34,3.20,0.05,0.02,0.04
15:12:57.385 536,0.26,0.22,3.20,0.04,-0.02,-0.03
15:12:57.405 537,0.28,0.17,3.20,-0.01,0.01,-0.03
15:12:57.425 538,0.35,0.20,3.20,0.03,-0.01,-0.00
15:12:57.445 539,0.27,0.11,3.20,0.01,-0.02,0.05
15:12:57.465 540,0.34,0.17,3.20,0.01,0.01,-0.00
15:12:57.485 541,0.24,0.18,3.20,-0.03,-0.05,-0.00
15:12:57.505 542,0.33,0.17,3.20,-0.00,-0.04,-0.03
15:12:57.525 543,0.37,0.21,3.20,-0.02,-0.00,0.02
15:12:57.545 544,0.18,0.16,3.20,0.02,0.00,0.02
15:12:57.565 545,0.26,0.26,3.20,0.02,-0.01,0.02
15:12:57.585 546,0.33,0.20,3.20,-0.04,-0.03,-0.01
15:12:57.605 547,0.29,0.20,3.20,-0.00,-0.02,-0.01
15:12:57.625 548,0.32,0.18,3.20,0.02,0.01,-0.03
15:12:57.645 549,0.27,0.21,3.20,-0.00,0.01,0.00
15:12:57.665 550,0.30,0.24,3.20,0.01,-0.00,-0.02
15:12:57.685 551,0.29,0.16,3.20,0.01,0.02,-0.02
15:12:57.705 552,0.36,0.17,3.20,0.01,0.01,-0.01
15:12:57.725 553,0.31,0.18,3.20,-0.01,-0.01,-0.01
15:12:57.745 554,0.32,0.13,3.20,-0.02,-0.01,-0.01
15:12:57.765 555,0.28,0.16,3.20,-0.02,-0.03,0.01
15:12:57.785 556,0.28,0.18,3.20,0.01,-0.00,0.00
15:12:57.805 557,0.28,0.24,3.20,0.00,0.02,-0.01
15:12:57.825 558,0.32,0.21,3.20,-0.00,0.01,0.00
15:12:57.845 559,0.28,0.21,3.20,-0.01,0.03,-0.02
15:12:57.865 560,0.31,0.24,3.20,-0.01,-0.01,0.00
15:12:57.885 561,0.40,0.19,3.20,0.02,0.03,0.00
15:12:57.905 562,0.34,0.22,3.20,-0.01,-0.00,-0.03
15:12:57.925 563,0.28,0.19,3.20,-0.03,0.03,0.02
15:12:57.945 564,0.36,0.21,3.20,0.01,-0.00,-0.02
15:12:57.965 565,0.28,0.17,3.20,-0.00,0.01,0.00
15:12:57.985 566,0.20,0.08,3.20,0.00,0.03,0.02
15:12:58.005 567,0.25,0.19,3.20,0.03,-0.00,0.02
15:12:58.025 568,0.21,0.27,3.20,-0.00,0.00,0.00
15:12:58.045 569,0.28,0.25,3.20,0.01,0.03,-0.01
15:12:58.065 570,0.30,0.25,3.20,-0.02,-0.00,0.02
15:12:58.085 571,0.38,0.26,3.20,-0.00,-0.03,0.01
15:12:58.105 572,0.32,0.20,3.20,0.01,0.04,-0.01
15:12:58.125 573,0.29,0.21,3.20,-0.03,-0.01,-0.02
15:12:58.145 574,0.34,0.17,3.20,0.00,0.00,-0.04
15:12:58.165 575,0.19,0.18,3.20,0.00,0.02,0.00
15:12:58.185 576,0.31,0.23,3.20,0.00,-0.01,-0.00
15:12:58.205 577,0.34,0.26,3.20,0.02,-0.02,0.02
15:12:58.225 578,0.23,0.19,3.20,0.01,0.01,0.01
15:12:58.245 579,0.36,0.18,3.20,0.03,-0.04,0.03
15:12:58.265 580,0.32,0.20,3.20,-0.02,-0.01,-0.01
15:12:58.285 581,0.28,0.23,3.20,0.00,0.00,0.02
15:12:58.305 582,0.33,0.13,3.20,0.00,-0.01,-0.01
15:12:58.325 583,0.41,0.09,3.20,-0.02,-0.03,0.02
15:12:58.345 584,0.31,0.17,3.20,0.02,0.03,-0.03
15:12:58.365 585,0.31,0.14,3.20,0.05,0.00,0.00
15:12:58.385 586,0.28,0.17,3.20,-0.00,0.03,-0.04
15:12:58.405 587,0.26,0.19,3.20,0.01,-0.01,-0.01
15:12:58.425 588,0.34,0.18,3.20,0.00,-0.02,0.01
15:12:58.445 589,0.26,0.27,3.20,-0.01,0.01,-0.01
15:12:58.465 590,0.30,0.22,3.20,-0.04,-0.00,-0.02
15:12:58.485 591,0.28,0.22,3.20,-0.01,-0.02,0.02
15:12:58.505 592,0.32,0.23,3.20,-0.03,0.03,-0.00
15:12:58.525 593,0.32,0.14,3.20,0.03,-0.01,-0.01
15:12:58.545 594,0.35,0.25,3.20,-0.00,-0.04,0.00
15:12:58.565 595,0.27,0.20,3.20,-0.01,0.03,0.05
15:12:58.585 596,0.29,0.23,3.20,0.02,-0.01,0.02
15:12:58.605 597,0.25,0.15,3.20,-0.02,-0.01,0.02
15:12:58.625 598,0.28,0.12,3.20,-0.02,-0.04,0.01
15:12:58.645 599,0.32,0.24,3.20,0.00,0.03,0.00
15:12:58.665 600,0.34,0.22,3.20,0.02,-0.03,-0.05
15:12:58.685 601,0.25,0.15,3.20,0.01,0.00,-0.01
15:12:58.705 602,0.34,0.16,3.20,0.00,0.02,-0.01
15:12:58.725 603,0.37,0.26,3.20,0.00,0.01,-0.04
15:12:58.745 604,0.32,0.14,3.20,0.01,-0.00,-0.02
15:12:58.765 605,0.39,0.28,3.20,0.00,-0.03,-0.04
15:12:58.785 606,0.26,0.15,3.20,-0.02,-0.02,-0.00
15:12:58.805 607,0.24,0.23,3.20,0.00,0.00,0.02
15:12:58.825 608,0.21,0.18,3.20,-0.02,-0.02,0.02
15:12:58.845 609,0.37,0.23,3.20,0.00,0.00,0.01
15:12:58.865 610,0.33,0.17,3.20,-0.01,0.01,-0.02
15:12:58.885 611,0.30,0.19,3.20,0.05,0.02,-0.04
15:12:58.905 612,0.31,0.20,3.20,-0.00,-0.02,-0.04
15:12:58.925 613,0.24,0.15,3.20,-0.03,0.04,-0.03
15:12:58.945 614,0.42,0.24,3.20,-0.00,0.02,-0.02
15:12:58.965 615,0.31,0.17,3.20,0.01,-0.00,-0.00
15:12:58.985 616,0.31,0.19,3.20,0.03,0.02,-0.02
15:12:59.005 617,0.34,0.15,3.20,-0.01,0.05,0.01
15:12:59.025 618,0.32,0.07,3.20,-0.03,-0.03,-0.00
15:12:59.045 619,0.31,0.19,3.20,0.02,-0.00,0.00
15:12:59.065 620,0.26,0.32,3.20,-0.03,-0.05,0.02
15:12:59.085 621,0.32,0.24,3.20,-0.01,0.00,-0.02
15:12:59.105 622,0.39,0.20,3.20,-0.01,0.01,0.01
15:12:59.125 623,0.37,0.19,3.20,-0.00,-0.00,-0.00
15:12:59.145 624,0.38,0.20,3.20,0.01,-0.01,-0.01
15:12:59.165 625,0.27,0.23,3.20,-0.01,-0.04,0.02
15:12:59.185 626,0.25,0.14,3.20,-0.01,0.01,0.02
15:12:59.205 627,0.29,0.26,3.20,-0.00,0.03,-0.02
15:12:59.225 628,0.30,0.24,3.20,0.00,-0.01,-0.00
15:12:59.245 629,0.35,0.24,3.20,0.00,0.01,0.01
15:12:59.265 630,0.22,0.22,3.20,0.01,-0.03,-0.01
15:12:59.285 631,0.38,0.20,3.20,0.02,0.01,0.01
15:12:59.305 632,0.29,0.23,3.20,0.01,-0.01,0.01
15:12:59.325 633,0.28,0.23,3.20,0.01,-0.02,0.04
15:12:59.345 634,0.25,0.18,3.20,-0.03,-0.02,-0.03
15:12:59.365 635,0.22,0.17,3.20,0.00,-0.01,-0.00
15:12:59.385 636,0.34,0.21,3.20,0.01,0.01,-0.02
15:12:59.405 637,0.30,0.28,3.20,0.01,-0.03,0.01
15:12:59.425 638,0.24,0.14,3.20,-0.01,-0.01,-0.03
15:12:59.445 639,0.24,0.13,3.20,-0.01,-0.00,0.01
15:12:59.465 640,0.28,0.21,3.20,-0.01,-0.02,-0.01
15:12:59.485 641,0.38,0.20,3.20,0.01,0.04,-0.01
15:12:59.505 642,0.29,0.21,3.20,0.02,-0.02,-0.03
15:12:59.525 643,0.22,0.21,3.20,-0.01,-0.01,-0.01
15:12:59.545 644,0.29,0.19,3.20,0.02,-0.02,0.02
15:12:59.565 645,0.29,0.27,3.20,0.00,0.04,-0.00
15:12:59.585 646,0.17,0.12,3.20,-0.00,0.01,0.01
15:12:59.605 647,0.30,0.16,3.20,-0.00,-0.02,0.03
15:12:59.625 648,0.29,0.19,3.20,0.01,0.02,0.01
15:12:59.645 649,0.33,0.12,3.20,0.01,0.00,-0.01
15:12:59.665 650,0.39,0.19,3.20,0.05,0.01,0.01
15:12:59.685 651,0.36,0.28,3.20,-0.02,-0.01,-0.01
15:12:59.705 652,0.29,0.20,3.20,0.01,-0.01,-0.01
15:12:59.725 653,0.24,0.21,3.20,-0.01,0.01,-0.03
15:12:59.745 654,0.43,0.14,3.20,-0.02,-0.01,0.02
15:12:59.765 655,0.30,0.17,3.20,-0.00,0.04,-0.01
15:12:59.785 656,0.30,0.18,3.20,0.00,-0.03,0.00
15:12:59.805 657,0.30,0.18,3.20,0.06,0.03,-0.02
15:12:59.825 658,0.31,0.26,3.20,-0.00,-0.00,0.01
15:12:59.845 659,0.29,0.23,3.20,-0.02,0.01,-0.02
15:12:59.865 660,0.27,0.14,3.20,0.01,0.02,-0.00
15:12:59.885 661,0.27,0.21,3.20,-0.04,-0.01,0.02
15:12:59.905 662,0.30,0.22,3.20,-0.00,0.02,0.02
15:12:59.925 663,0.27,0.26,3.20,0.00,-0.05,-0.00
15:12:59.945 664,0.26,0.28,3.20,0.02,-0.01,-0.04
15:12:59.965 665,0.31,0.15,3.20,0.02,-0.02,0.06
15:12:59.985 666,0.29,0.16,3.20,-0.01,-0.03,0.03
15:13:00.005 667,0.38,0.14,3.20,-0.00,-0.00,0.01
15:13:00.025 668,0.17,0.19,3.20,-0.02,0.01,-0.02
15:13:00.045 669,0.35,0.22,3.20,-0.02,0.01,-0.00
15:13:00.065 670,0.36,0.25,3.20,0.01,0.00,-0.01
15:13:00.085 671,0.20,0.20,3.20,-0.03,-0.01,0.03
15:13:00.105 672,0.28,0.18,3.20,-0.01,0.01,0.01
15:13:00.125 673,0.28,0.21,3.20,-0.02,0.00,-0.02
15:13:00.145 674,0.23,0.16,3.20,0.01,0.02,-0.01
15:13:00.165 675,0.26,0.30,3.20,0.04,0.02,0.02
15:13:00.185 676,0.24,0.12,3.20,-0.03,0.00,0.03
15:13:00.205 677,0.39,0.21,3.20,-0.04,-0.02,0.03
15:13:00.225 678,0.35,0.30,3.20,-0.00,-0.01,0.02
15:13:00.245 679,0.36,0.20,3.20,0.00,-0.01,-0.01
15:13:00.265 680,0.34,0.19,3.20,0.00,-0.01,-0.06
15:13:00.285 681,0.24,0.18,3.20,-0.01,0.01,0.01
15:13:00.305 682,0.27,0.19,3.20,-0.00,0.01,-0.00
15:13:00.325 683,0.32,0.27,3.20,0.01,-0.00,0.00
15:13:00.345 684,0.24,0.09,3.20,0.02,0.00,0.00
15:13:00.365 685,0.34,0.28,3.20,-0.04,0.00,-0.03
15:13:00.385 686,0.29,0.13,3.20,-0.01,-0.01,0.01
15:13:00.405 687,0.28,0.19,3.20,0.00,-0.02,0.01
15:13:00.425 688,0.34,0.18,3.20,-0.02,-0.04,0.01
15:13:00.445 689,0.32,0.23,3.20,0.03,-0.01,0.02
15:13:00.465 690,0.28,0.12,3.20,-0.01,0.01,0.01
15:13:00.485 691,0.36,0.22,3.20,-0.00,-0.01,-0.01
15:13:00.505 692,0.25,0.30,3.20,0.01,-0.00,-0.00
15:13:00.525 693,0.33,0.13,3.20,-0.01,0.01,0.00
15:13:00.545 694,0.33,0.21,3.20,-0.04,0.01,0.00
15:13:00.565 695,0.28,0.17,3.20,-0.01,-0.02,0.02
15:13:00.585 696,0.32,0.22,3.20,0.02,0.02,0.01
15:13:00.605 697,0.24,0.20,3.20,-0.01,0.02,0.04
15:13:00.625 698,0.35,0.17,3.20,-0.02,-0.02,0.04
15:13:00.645 699,0.29,0.22,3.20,0.02,-0.02,0.00
15:13:00.665 700,0.27,0.29,3.20,-0.01,0.02,-0.08
15:13:00.685 701,0.35,0.19,3.20,-0.01,-0.00,0.02
15:13:00.705 702,0.26,0.24,3.20,0.00,-0.04,-0.01
15:13:00.725 703,0.23,0.14,3.20,0.02,-0.03,-0.02
15:13:00.745 704,0.22,0.15,3.20,0.05,-0.00,-0.01
15:13:00.765 705,0.33,0.22,3.20,0.02,-0.02,-0.01
15:13:00.785 706,0.24,0.27,3.20,0.02,-0.01,0.01
15:13:00.805 707,0.39,0.22,3.20,-0.01,0.00,-0.03
15:13:00.825 708,0.20,0.18,3.20,-0.02,0.03,-0.02
15:13:00.845 709,0.38,0.20,3.20,0.00,-0.01,0.01
15:13:00.865 710,0.31,0.14,3.20,0.00,0.02,0.01
15:13:00.885 711,0.30,0.23,3.20,-0.02,0.03,0.01
15:13:00.905 712,0.27,0.24,3.20,-0.00,0.03,-0.02
15:13:00.925 713,0.32,0.18,3.20,0.01,0.01,-0.02
15:13:00.945 714,0.30,0.18,3.20,0.01,-0.04,-0.01
15:13:00.965 715,0.36,0.21,3.20,0.01,0.01,0.00
15:13:00.985 716,0.31,0.18,3.20,0.01,0.02,0.03
15:13:01.005 717,0.31,0.20,3.20,-0.01,-0.00,-0.04
15:13:01.025 718,0.28,0.30,3.20,-0.01,0.03,-0.00
15:13:01.045 719,0.30,0.19,3.20,-0.02,0.02,-0.03
15:13:01.065 720,0.32,0.18,3.20,0.04,0.01,-0.03
15:13:01.085 721,0.21,0.17,3.20,0.00,0.02,0.02
15:13:01.105 722,0.23,0.24,3.20,-0.00,0.01,0.01
15:13:01.125 723,0.34,0.19,3.20,-0.02,-0.05,0.01
15:13:01.145 724,0.31,0.17,3.20,0.06,-0.01,0.02
15:13:01.165 725,0.29,0.27,3.20,-0.02,0.02,-0.01
15:13:01.185 726,0.30,0.27,3.20,-0.01,-0.02,-0.01
15:13:01.205 727,0.32,0.17,3.20,0.01,-0.00,0.04
15:13:01.225 728,0.27,0.11,3.20,0.01,-0.02,-0.00
15:13:01.245 729,0.26,0.25,3.20,0.02,0.04,0.01
15:13:01.265 730,0.31,0.17,3.20,0.04,0.03,0.00
15:13:01.285 731,0.25,0.24,3.20,0.01,-0.02,-0.04
15:13:01.305 732,0.32,0.10,3.20,-0.02,0.00,-0.04
15:13:01.325 733,0.21,0.24,3.20,-0.01,-0.01,-0.01
15:13:01.345 734,0.35,0.14,3.20,0.01,0.01,0.02
15:13:01.365 735,0.32,0.24,3.20,0.04,0.01,0.02
15:13:01.385 736,0.31,0.20,3.20,-0.03,0.02,0.02
15:13:01.405 737,0.35,0.15,3.20,0.02,0.01,-0.02
15:13:01.425 738,0.38,0.18,3.20,0.00,0.06,0.03
15:13:01.445 739,0.35,0.23,3.20,0.02,-0.02,-0.02
15:13:01.465 740,0.21,0.21,3.20,-0.00,-0.03,0.00
15:13:01.485 741,0.24,0.23,3.20,-0.02,-0.01,-0.00
15:13:01.505 742,0.27,0.30,3.20,0.02,-0.03,-0.00
15:13:01.525 743,0.30,0.12,3.20,0.01,-0.03,0.03
15:13:01.545 744,0.33,0.28,3.20,0.02,-0.02,-0.01
15:13:01.565 745,0.26,0.21,3.20,-0.00,-0.02,-0.03
15:13:01.585 746,0.31,0.16,3.20,-0.01,-0.02,0.00
15:13:01.605 747,0.26,0.13,3.20,-0.03,0.01,-0.01
15:13:01.625 748,0.27,0.19,3.20,0.02,-0.01,0.07
15:13:01.645 749,0.23,0.25,3.20,0.01,-0.00,0.01
15:13:01.665 750,0.25,0.19,3.20,-0.02,0.02,-0.01
15:13:01.685 751,0.23,0.28,3.20,-0.01,-0.02,-0.02
15:13:01.705 752,0.25,0.13,3.20,-0.01,-0.01,-0.04
15:13:01.725 753,0.35,0.20,3.20,-0.03,0.01,-0.02
15:13:01.745 754,0.25,0.14,3.20,-0.02,-0.04,0.00
15:13:01.765 755,0.43,0.22,3.20,-0.02,-0.05,0.03
15:13:01.785 756,0.32,0.24,3.20,-0.01,0.01,0.02
15:13:01.805 757,0.31,0.18,3.20,-0.01,0.01,0.00
15:13:01.825 758,0.26,0.07,3.20,-0.03,0.04,-0.01
15:13:01.845 759,0.34,0.21,3.20,0.04,0.00,0.01
15:13:01.865 760,0.27,0.22,3.20,0.03,0.02,-0.01
15:13:01.885 761,0.31,0.22,3.20,-0.02,-0.00,0.03
15:13:01.905 762,0.43,0.26,3.20,0.01,0.01,-0.00
15:13:01.925 763,0.30,0.15,3.20,0.01,0.03,-0.00
15:13:01.945 764,0.36,0.23,3.20,0.02,-0.04,-0.04
15:13:01.965 765,0.26,0.26,3.20,-0.02,0.01,-0.00
15:13:01.985 766,0.30,0.11,3.20,0.02,0.04,0.02
15:13:02.005 767,0.39,0.22,3.20,-0.01,0.01,-0.02
15:13:02.025 768,0.27,0.17,3.20,-0.03,0.03,-0.02
15:13:02.045 769,0.39,0.20,3.20,0.01,-0.01,0.02
15:13:02.065 770,0.34,0.22,3.20,0.03,-0.00,-0.03
15:13:02.085 771,0.27,0.18,3.20,0.05,0.00,0.02
15:13:02.105 772,0.33,0.17,3.20,-0.02,-0.04,-0.01
15:13:02.125 773,0.35,0.20,3.20,0.01,-0.02,-0.01
15:13:02.145 774,0.33,0.15,3.20,-0.01,-0.02,-0.02
15:13:02.165 775,0.22,0.15,3.20,0.02,0.02,0.01
15:13:02.185 776,0.26,0.23,3.20,-0.03,0.02,0.05
15:13:02.205 777,0.29,0.14,3.20,-0.03,0.01,0.02
15:13:02.225 778,0.30,0.23,3.20,-0.02,0.02,-0.02
15:13:02.245 779,0.33,0.22,3.20,0.00,-0.00,0.02
15:13:02.265 780,0.31,0.11,3.20,-0.01,0.02,-0.01
15:13:02.285 781,0.23,0.17,3.20,0.01,0.00,0.03
15:13:02.305 782,0.32,0.26,3.20,0.02,0.00,0.02
15:13:02.325 783,0.33,0.15,3.20,0.01,-0.01,-0.06
15:13:02.345 784,0.33,0.18,3.20,0.03,0.01,-0.02
15:13:02.365 785,0.35,0.22,3.20,0.01,-0.01,0.02
15:13:02.385 786,0.34,0.24,3.20,-0.02,0.02,0.00
15:13:02.405 787,0.32,0.19,3.20,0.03,-0.02,-0.02
15:13:02.425 788,0.30,0.17,3.20,-0.01,-0.02,-0.01
15:13:02.445 789,0.22,0.27,3.20,0.02,0.01,-0.04
15:13:02.465 790,0.32,0.29,3.20,0.03,-0.00,-0.00
15:13:02.485 791,0.31,0.25,3.20,0.01,-0.01,0.04
15:13:02.505 792,0.31,0.20,3.20,-0.03,0.02,0.02
15:13:02.525 793,0.24,0.16,3.20,-0.02,-0.01,0.04
15:13:02.545 794,0.25,0.16,3.20,0.03,-0.00,0.02
15:13:02.565 795,0.35,0.23,3.20,-0.00,0.03,0.02
15:13:02.585 796,0.30,0.22,3.20,0.00,0.03,0.04
15:13:02.605 797,0.33,0.27,3.20,0.02,0.03,0.01
15:13:02.625 798,0.30,0.23,3.20,0.01,-0.01,-0.00
15:13:02.645 799,0.30,0.12,3.20,0.01,0.02,0.02
15:13:02.665 800,0.35,0.25,-0.87,-0.00,-0.02,0.03
15:13:02.685 801,0.27,0.15,-0.88,-0.01,-0.02,-0.01
15:13:02.705 802,0.30,0.18,-0.86,0.02,-0.05,-0.01
15:13:02.725 803,0.28,0.21,-0.79,0.01,0.03,0.00
15:13:02.745 804,0.28,0.30,-0.84,-0.01,-0.02,0.02
15:13:02.765 805,0.28,0.36,-0.77,0.02,-0.00,0.02
15:13:02.785 806,0.31,0.23,-0.80,-0.00,-0.02,-0.03
15:13:02.805 807,0.28,0.19,-0.90,-0.02,0.01,0.04
15:13:02.825 808,0.36,0.23,-0.77,-0.02,-0.01,-0.01
15:13:02.845 809,0.26,0.24,-0.76,-0.02,-0.03,-0.01
15:13:02.865 810,0.29,0.18,-0.85,-0.01,0.01,-0.02
15:13:02.885 811,0.28,0.29,-0.78,0.02,-0.03,0.05
15:13:02.905 812,0.37,0.21,-0.84,-0.02,-0.02,0.00
15:13:02.925 813,0.31,0.22,-0.80,0.00,-0.04,-0.02
15:13:02.945 814,0.35,0.23,-0.86,-0.01,-0.03,0.02
15:13:02.965 815,0.23,0.22,-0.89,-0.01,0.00,0.02
15:13:02.985 816,0.31,0.24,-0.82,-0.03,-0.04,-0.00
15:13:03.005 817,0.34,0.17,-0.81,-0.00,-0.03,0.02
15:13:03.025 818,0.30,0.17,-0.82,-0.00,-0.00,-0.02
15:13:03.045 819,0.35,0.14,-0.86,0.01,-0.01,-0.01
15:13:03.065 820,0.27,0.22,-0.82,0.00,0.04,-0.04
15:13:03.085 821,0.37,0.24,-0.79,-0.02,0.04,-0.03
15:13:03.105 822,0.41,0.22,-0.80,0.02,-0.02,0.04
15:13:03.125 823,0.28,0.28,-0.79,0.00,0.01,0.03
15:13:03.145 824,0.28,0.20,-0.83,0.00,0.01,0.00
15:13:03.165 825,0.37,0.23,-0.74,-0.00,-0.01,0.03
15:13:03.185 826,0.38,0.15,-0.86,-0.01,-0.03,-0.00
15:13:03.205 827,0.27,0.18,-0.78,0.00,-0.00,-0.00
15:13:03.225 828,0.28,0.23,-0.74,0.01,-0.00,0.00
15:13:03.245 829,0.29,0.24,-0.78,-0.03,-0.01,-0.00
15:13:03.265 830,0.23,0.19,-0.81,-0.01,0.01,-0.00
15:13:03.285 831,0.25,0.20,-0.83,-0.01,-0.02,0.02
15:13:03.305 832,0.25,0.12,-0.75,0.01,-0.02,0.00
15:13:03.325 833,0.26,0.18,-0.87,0.02,0.00,0.01
15:13:03.345 834,0.30,0.24,-0.85,-0.02,0.01,0.02
15:13:03.365 835,0.31,0.23,-0.82,-0.01,-0.02,0.01
15:13:03.385 836,0.38,0.23,-0.74,-0.01,0.02,-0.02
15:13:03.405 837,0.25,0.20,-0.78,-0.02,-0.04,-0.03
15:13:03.425 838,0.35,0.20,-0.85,-0.01,-0.01,0.00
15:13:03.445 839,0.29,0.17,-0.82,0.02,-0.01,-0.00
15:13:03.465 840,0.30,0.23,-0.83,-0.02,-0.01,0.00
15:13:03.485 841,0.33,0.22,-0.84,0.01,-0.01,-0.00
15:13:03.505 842,0.24,0.22,-0.75,-0.03,0.04,0.05
15:13:03.525 843,0.32,0.17,-0.87,-0.01,-0.02,-0.03
15:13:03.545 844,0.31,0.09,-0.72,-0.01,0.05,-0.04
15:13:03.565 845,0.32,0.25,-0.76,0.03,0.01,0.01
15:13:03.585 846,0.31,0.18,-0.75,-0.01,0.00,-0.01
15:13:03.605 847,0.42,0.16,-0.82,-0.04,0.01,0.01
15:13:03.625 848,0.27,0.23,-0.81,-0.04,0.05,0.01
15:13:03.645 849,0.27,0.18,-0.87,0.00,-0.02,0.03
15:13:03.665 850,0.27,0.25,-0.83,0.01,-0.02,-0.03
15:13:03.685 851,0.27,0.23,-0.78,0.01,-0.02,-0.01
15:13:03.705 852,0.27,0.23,-0.74,0.00,0.00,0.01
15:13:03.725 853,0.36,0.13,-0.86,0.02,-0.03,0.02
15:13:03.745 854,0.37,0.26,-0.82,-0.01,0.00,0.04
15:13:03.765 855,0.27,0.21,-0.81,0.02,0.03,0.02
15:13:03.785 856,0.26,0.18,-0.87,-0.03,0.00,-0.00
15:13:03.805 857,0.32,0.21,-0.77,-0.02,-0.01,-0.02
15:13:03.825 858,0.27,0.11,-0.84,-0.04,-0.01,-0.01
15:13:03.845 859,0.33,0.22,-0.81,-0.01,0.02,-0.01
15:13:03.865 860,0.31,0.15,-0.82,-0.00,-0.02,0.01
15:13:03.885 861,0.22,0.13,-0.84,0.00,0.04,0.01
15:13:03.905 862,0.38,0.12,-0.80,0.00,0.04,-0.03
15:13:03.925 863,0.39,0.26,-0.81,-0.02,0.01,-0.01
15:13:03.945 864,0.27,0.17,-0.82,-0.00,-0.00,0.02
15:13:03.965 865,0.28,0.28,-0.84,-0.03,0.02,0.01
15:13:03.985 866,0.31,0.17,-0.78,0.03,0.02,0.01
15:13:04.005 867,0.32,0.11,-0.72,-0.01,-0.02,0.01
15:13:04.025 868,0.33,0.14,-0.79,-0.01,-0.01,0.03
15:13:04.045 869,0.40,0.26,-0.75,0.03,-0.03,0.00
15:13:04.065 870,0.29,0.19,-0.87,-0.02,0.01,-0.01
15:13:04.085 871,0.26,0.17,-0.79,-0.02,0.01,-0.02
15:13:04.105 872,0.23,0.21,-0.85,-0.02,-0.03,0.00
15:13:04.125 873,0.26,0.23,-0.87,-0.00,-0.01,-0.05
15:13:04.145 874,0.30,0.26,-0.84,0.01,-0.03,-0.00
15:13:04.165 875,0.39,0.27,-0.74,0.01,-0.02,-0.00
15:13:04.185 876,0.27,0.18,-0.75,0.05,0.01,-0.03
15:13:04.205 877,0.31,0.13,-0.79,-0.04,-0.01,-0.02
15:13:04.225 878,0.30,0.18,-0.88,0.01,-0.01,0.02
15:13:04.245 879,0.36,0.21,-0.81,-0.01,-0.03,0.00
15:13:04.265 880,0.43,0.15,-0.78,-0.01,0.00,0.00
15:13:04.285 881,0.27,0.15,-0.79,-0.01,-0.00,0.01
15:13:04.305 882,0.28,0.22,-0.89,-0.02,-0.01,0.00
15:13:04.325 883,0.35,0.20,-0.84,0.03,-0.00,0.02
15:13:04.345 884,0.33,0.20,-0.80,0.02,0.00,0.00
15:13:04.365 885,0.39,0.16,-0.77,0.00,-0.02,-0.03
15:13:04.385 886,0.33,0.19,-0.91,0.03,-0.03,0.03
15:13:04.405 887,0.28,0.15,-0.81,-0.03,0.04,0.01
15:13:04.425 888,0.33,0.24,-0.79,-0.03,-0.01,-0.01
15:13:04.445 889,0.36,0.25,-0.76,-0.04,-0.00,-0.03
15:13:04.465 890,0.34,0.11,-0.77,-0.01,0.02,0.01
15:13:04.485 891,0.33,0.15,-0.77,0.00,0.07,-0.00
15:13:04.505 892,0.35,0.13,-0.84,0.00,-0.02,0.03
15:13:04.525 893,0.36,0.17,-0.90,0.00,0.01,-0.01
15:13:04.545 894,0.37,0.20,-0.82,-0.03,-0.01,-0.02
15:13:04.565 895,0.33,0.13,-0.75,0.02,-0.01,0.02
15:13:04.585 896,0.29,0.15,-0.73,0.00,-0.01,0.02
15:13:04.605 897,0.31,0.15,-0.76,0.01,-0.02,0.00
15:13:04.625 898,0.36,0.21,-0.78,-0.04,-0.00,0.01
15:13:04.645 899,0.26,0.20,-0.78,0.01,-0.03,-0.00
15:13:04.665 900,0.32,-3.50,-0.83,-0.02,0.02,0.00
15:13:04.685 901,0.28,0.21,-0.81,-0.01,0.00,0.02
15:13:04.705 902,0.30,0.17,-0.72,0.01,0.01,0.01
15:13:04.725 903,0.36,0.19,-0.85,0.00,-0.01,-0.00
15:13:04.745 904,0.31,0.28,-0.72,-0.02,-0.01,0.03
15:13:04.765 905,0.30,0.27,-0.82,0.00,0.01,-0.05
15:13:04.785 906,0.23,0.14,-0.73,-0.03,-0.02,0.04
15:13:04.805 907,0.34,0.24,-0.87,0.02,-0.01,-0.03
15:13:04.825 908,0.33,0.24,-0.77,-0.00,-0.02,-0.01
15:13:04.845 909,0.41,0.14,-0.84,0.02,-0.02,-0.00
15:13:04.865 910,0.28,0.24,-0.87,-0.01,-0.04,-0.00
15:13:04.885 911,0.31,0.28,-0.79,-0.01,0.03,0.02
15:13:04.905 912,0.31,0.14,-0.75,-0.02,-0.01,-0.02
15:13:04.925 913,0.38,0.15,-0.84,0.02,0.02,0.01
15:13:04.945 914,0.30,0.25,-0.87,-0.01,0.02,-0.01
15:13:04.965 915,0.31,0.21,-0.80,0.01,-0.03,0.01
15:13:04.985 916,0.33,0.23,-0.80,-0.01,-0.02,-0.00
15:13:05.005 917,0.31,0.22,-0.77,-0.04,0.05,0.00
15:13:05.025 918,0.28,0.22,-0.75,-0.01,0.04,-0.01
15:13:05.045 919,0.31,0.13,-0.80,-0.02,-0.00,-0.01
15:13:05.065 920,0.35,0.25,-0.71,0.00,0.01,0.01
15:13:05.085 921,0.25,0.26,-0.79,-0.02,-0.01,0.02
15:13:05.105 922,0.31,0.19,-0.82,0.02,0.01,-0.01
15:13:05.125 923,0.26,0.20,-0.88,-0.00,-0.01,-0.02
15:13:05.145 924,0.36,0.12,-0.81,-0.00,-0.04,0.01
15:13:05.165 925,0.22,0.23,-0.82,0.01,-0.03,-0.00
15:13:05.185 926,0.27,0.23,-0.75,0.02,0.00,0.02
15:13:05.205 927,0.32,0.20,-0.78,-0.00,-0.02,-0.02
15:13:05.225 928,0.38,0.26,-0.86,-0.02,-0.00,-0.04
15:13:05.245 929,0.30,0.18,-0.79,-0.04,-0.02,-0.01
15:13:05.265 930,0.27,0.23,-0.77,-0.01,-0.02,-0.02
15:13:05.285 931,0.39,0.15,-0.72,-0.01,0.02,-0.00
15:13:05.305 932,0.23,0.20,-0.76,0.00,0.00,-0.01
15:13:05.325 933,0.19,0.19,-0.76,-0.01,-0.00,0.01
15:13:05.345 934,0.32,0.21,-0.80,0.01,0.02,-0.01
15:13:05.365 935,0.27,0.18,-0.78,-0.01,0.01,0.00
15:13:05.385 936,0.25,0.19,-0.74,-0.00,0.03,0.00
15:13:05.405 937,0.34,0.24,-0.87,0.02,-0.01,0.00
15:13:05.425 938,0.31,0.18,-0.82,0.01,-0.01,-0.00
15:13:05.445 939,0.27,0.12,-0.84,-0.00,-0.03,0.01
15:13:05.465 940,0.24,0.29,-0.78,-0.01,-0.01,-0.02
15:13:05.485 941,0.34,0.27,-0.74,-0.01,0.02,0.03
15:13:05.505 942,0.33,0.14,-0.83,-0.02,0.03,-0.00
15:13:05.525 943,0.30,0.23,-0.92,-0.01,0.02,-0.03
15:13:05.545 944,0.39,0.17,-0.82,0.02,-0.04,0.00
15:13:05.565 945,0.25,0.21,-0.75,-0.00,0.02,-0.02
15:13:05.585 946,0.22,0.21,-0.77,-0.03,-0.04,0.01
15:13:05.605 947,0.27,0.19,-0.78,0.04,0.02,0.04
15:13:05.625 948,0.30,0.16,-0.81,0.01,-0.01,-0.02
15:13:05.645 949,0.31,0.17,-0.86,-0.03,0.01,0.01
15:13:05.665 950,0.29,0.15,-0.77,-0.01,-0.03,-0.04
15:13:05.685 951,0.32,0.16,-0.84,0.00,0.02,0.01
15:13:05.705 952,0.24,0.20,-0.69,0.03,-0.03,-0.02
15:13:05.725 953,0.37,0.16,-0.77,-0.02,-0.01,-0.01
15:13:05.745 954,0.30,0.23,-0.83,0.02,-0.02,-0.02
15:13:05.765 955,0.36,0.27,-0.83,0.03,-0.04,0.01
15:13:05.785 956,0.32,0.17,-0.80,-0.01,0.00,0.02
15:13:05.805 957,0.32,0.21,-0.81,-0.01,0.04,0.00
15:13:05.825 958,0.33,0.22,-0.74,-0.02,0.05,-0.02
15:13:05.845 959,0.32,0.22,-0.79,-0.00,0.00,0.03
15:13:05.865 960,0.33,0.20,-0.84,-0.00,0.02,-0.02
15:13:05.885 961,0.37,0.24,-0.71,0.01,0.00,-0.04
15:13:05.905 962,0.31,0.22,-0.80,0.02,0.01,0.01
15:13:05.925 963,0.34,0.14,-0.76,-0.01,-0.01,-0.02
15:13:05.945 964,0.30,0.24,-0.83,-0.04,0.00,0.02
15:13:05.965 965,0.37,0.24,-0.78,-0.00,0.01,-0.01
15:13:05.985 966,0.27,0.16,-0.78,0.01,-0.01,0.01
15:13:06.005 967,0.39,0.20,-0.89,0.00,-0.00,0.03
15:13:06.025 968,0.30,0.23,-0.70,-0.01,-0.00,-0.02
15:13:06.045 969,0.23,0.19,-0.74,0.00,0.02,-0.01
15:13:06.065 970,0.31,0.25,-0.82,0.03,-0.02,-0.00
15:13:06.085 971,0.27,0.32,-0.86,0.01,-0.00,0.03
15:13:06.105 972,0.34,0.16,-0.78,-0.01,0.04,-0.01
15:13:06.125 973,0.27,0.13,-0.80,-0.01,0.02,-0.01
15:13:06.145 974,0.28,0.22,-0.78,-0.00,0.03,0.01
15:13:06.165 975,0.21,0.24,-0.79,0.03,0.00,-0.01
15:13:06.185 976,0.28,0.19,-0.77,-0.00,0.01,0.00
15:13:06.205 977,0.18,0.27,-0.73,-0.00,0.02,-0.03
15:13:06.225 978,0.22,0.13,-0.77,-0.01,0.03,0.04
15:13:06.245 979,0.34,0.23,-0.85,0.02,-0.04,-0.03
15:13:06.265 980,0.34,0.17,-0.73,0.04,-0.03,-0.01
15:13:06.285 981,0.32,0.29,-0.72,0.01,0.03,-0.00
15:13:06.305 982,0.25,0.30,-0.64,0.00,-0.01,0.04
15:13:06.325 983,0.30,0.16,-0.86,0.00,-0.01,-0.03
15:13:06.345 984,0.30,0.17,-0.79,-0.05,-0.03,0.04
15:13:06.365 985,0.24,0.24,-0.90,0.01,-0.01,0.02
15:13:06.385 986,0.38,0.18,-0.77,0.00,-0.03,0.01
15:13:06.405 987,0.34,0.20,-0.83,0.01,0.04,-0.02
15:13:06.425 988,0.29,0.20,-0.70,-0.01,-0.00,0.01
15:13:06.445 989,0.30,0.10,-0.84,-0.01,-0.00,-0.01
15:13:06.465 990,0.31,0.20,-0.88,-0.01,0.01,0.03
15:13:06.485 991,0.20,0.17,-0.82,0.02,0.02,-0.02
15:13:06.505 992,0.29,0.18,-0.90,-0.01,0.02,-0.00
15:13:06.525 993,0.27,0.27,-0.76,0.04,0.02,-0.01
15:13:06.545 994,0.25,0.14,-0.90,0.01,-0.01,-0.02
15:13:06.565 995,0.29,0.24,-0.80,-0.03,-0.01,0.01
15:13:06.585 996,0.39,0.19,-0.90,-0.00,0.02,0.01
15:13:06.605 997,0.33,0.19,-0.82,-0.01,-0.01,0.02
15:13:06.625 998,0.27,0.24,-0.72,-0.04,-0.00,-0.04
15:13:06.645 999,0.33,0.22,-0.78,0.03,0.01,0.02
15:13:06.665 1000,0.37,0.23,-0.84,0.01,0.02,0.05
15:13:06.685 1001,0.35,0.25,-0.80,0.01,-0.04,-0.01
15:13:06.705 1002,0.30,0.18,-0.80,0.00,0.01,0.04
15:13:06.725 1003,0.27,0.17,-0.78,-0.03,-0.00,-0.01
15:13:06.745 1004,0.33,0.15,-0.87,-0.01,0.01,-0.03
15:13:06.765 1005,0.32,0.16,-0.77,0.02,0.02,-0.01
15:13:06.785 1006,0.34,0.35,-0.94,-0.02,0.03,0.02
15:13:06.805 1007,0.33,0.26,-0.83,-0.05,0.03,-0.02
15:13:06.825 1008,0.35,0.13,-0.82,-0.00,0.03,-0.01
15:13:06.845 1009,0.27,0.13,-0.77,-0.00,0.03,0.01
15:13:06.865 1010,0.37,0.22,-0.80,0.00,0.01,0.00
15:13:06.885 1011,0.31,0.23,-0.87,0.01,0.00,0.01
15:13:06.905 1012,0.40,0.23,-0.85,0.01,0.02,0.00
15:13:06.925 1013,0.27,0.19,-0.79,0.01,0.01,0.01
15:13:06.945 1014,0.39,0.19,-0.80,0.02,-0.01,-0.01
15:13:06.965 1015,0.31,0.22,-0.83,-0.03,0.01,0.00
15:13:06.985 1016,0.27,0.20,-0.82,0.01,-0.00,-0.02
15:13:07.005 1017,0.28,0.09,-0.77,0.01,-0.02,0.03
15:13:07.025 1018,0.28,0.19,-0.83,-0.02,0.03,-0.01
15:13:07.045 1019,0.32,0.16,-0.80,-0.03,0.00,0.02
15:13:07.065 1020,0.33,0.21,-0.69,-0.01,0.04,-0.00
15:13:07.085 1021,0.27,0.35,-0.87,-0.01,-0.03,0.00
15:13:07.105 1022,0.30,0.22,-0.89,0.02,-0.01,-0.01
15:13:07.125 1023,0.41,0.18,-0.76,-0.01,0.00,-0.02
15:13:07.145 1024,0.39,0.25,-0.83,-0.02,0.02,-0.03
15:13:07.165 1025,0.32,0.22,-0.82,-0.01,0.01,-0.02
15:13:07.185 1026,0.30,0.22,-0.84,0.02,0.01,-0.01
15:13:07.205 1027,0.31,0.23,-0.81,0.00,-0.02,0.00
15:13:07.225 1028,0.33,0.30,-0.72,-0.00,-0.02,0.02
15:13:07.245 1029,0.25,0.14,-0.76,-0.00,0.01,-0.01
15:13:07.265 1030,0.29,0.22,-0.76,0.03,-0.03,-0.02
15:13:07.285 1031,0.22,0.15,-0.87,-0.01,-0.01,-0.03
15:13:07.305 1032,0.32,0.23,-0.86,0.03,0.01,0.01
15:13:07.325 1033,0.33,0.15,-0.94,0.00,-0.02,0.03
15:13:07.345 1034,0.28,0.18,-0.84,-0.00,0.03,0.03
15:13:07.365 1035,0.38,0.19,-0.75,0.05,0.02,0.01
15:13:07.385 1036,0.24,0.25,-0.77,-0.02,-0.03,0.01
15:13:07.405 1037,0.23,0.25,-0.81,-0.01,-0.02,0.03
15:13:07.425 1038,0.31,0.14,-0.80,-0.02,-0.05,0.01
15:13:07.445 1039,0.35,0.20,-0.83,0.02,-0.02,0.01
15:13:07.465 1040,0.38,0.16,-0.79,0.03,0.02,-0.01
15:13:07.485 1041,0.28,0.14,-0.76,0.03,-0.01,-0.03
15:13:07.505 1042,0.35,0.19,-0.88,0.02,0.01,-0.01
15:13:07.525 1043,0.30,0.18,-0.79,-0.00,-0.03,-0.00
15:13:07.545 1044,0.29,0.32,-0.75,-0.01,0.02,0.00
15:13:07.565 1045,0.34,0.22,-0.82,-0.03,-0.01,0.04
15:13:07.585 1046,0.33,0.13,-0.76,0.04,0.00,0.00
15:13:07.605 1047,0.22,0.17,-0.66,0.01,-0.00,0.02
15:13:07.625 1048,0.37,0.25,-0.81,-0.01,-0.03,-0.01
15:13:07.645 1049,0.37,0.30,-0.78,0.03,-0.02,-0.01
15:13:07.665 1050,0.27,0.12,-0.84,-0.02,0.02,-0.03
15:13:07.685 1051,0.32,0.11,-0.79,0.01,0.01,-0.01
15:13:07.705 1052,0.32,0.29,-0.78,-0.00,0.02,0.01
15:13:07.725 1053,0.31,0.22,-0.79,0.01,0.01,0.00
15:13:07.745 1054,0.27,0.16,-0.85,-0.00,0.00,0.02
15:13:07.765 1055,0.27,0.23,-0.79,-0.03,-0.03,0.00
15:13:07.785 1056,0.30,0.07,-0.73,0.00,-0.01,-0.01
15:13:07.805 1057,0.36,0.20,-0.78,0.02,-0.00,0.04
15:13:07.825 1058,0.33,0.22,-0.75,-0.00,0.04,-0.00
15:13:07.845 1059,0.28,0.25,-0.81,0.02,0.01,0.02
15:13:07.865 1060,0.34,0.15,-0.76,-0.02,0.03,-0.01
15:13:07.885 1061,0.16,0.20,-0.79,-0.00,0.01,0.01
15:13:07.905 1062,0.36,0.15,-0.85,-0.01,-0.01,0.02
15:13:07.925 1063,0.21,0.21,-0.78,0.01,0.00,0.00
15:13:07.945 1064,0.28,0.16,-0.85,0.00,0.00,-0.05
15:13:07.965 1065,0.24,0.18,-0.83,0.01,-0.02,0.00
15:13:07.985 1066,0.24,0.15,-0.79,0.02,-0.01,0.02
15:13:08.005 1067,0.36,0.23,-0.79,0.01,-0.00,0.01
15:13:08.025 1068,0.28,0.24,-0.86,0.01,0.03,0.01
15:13:08.045 1069,0.32,0.19,-0.75,-0.02,-0.04,-0.03
15:13:08.065 1070,0.30,0.20,-0.77,-0.00,0.02,-0.01
15:13:08.085 1071,0.32,0.13,-0.84,-0.01,-0.02,0.01
15:13:08.105 1072,0.30,0.19,-0.88,-0.01,-0.03,0.01
15:13:08.125 1073,0.24,0.20,-0.81,-0.01,0.02,0.02
15:13:08.145 1074,0.35,0.33,-0.82,-0.02,0.01,-0.00
15:13:08.165 1075,0.28,0.14,-0.79,-0.04,0.03,0.01
15:13:08.185 1076,0.22,0.27,-0.82,-0.01,0.02,0.00
15:13:08.205 1077,0.28,0.25,-0.90,0.00,0.04,-0.02
15:13:08.225 1078,0.38,0.21,-0.82,-0.03,0.01,-0.05
15:13:08.245 1079,0.34,0.29,-0.82,0.00,-0.00,0.01
15:13:08.265 1080,0.28,0.22,-0.77,0.04,0.01,0.00
15:13:08.285 1081,0.28,0.22,-0.83,0.02,0.02,-0.01
15:13:08.305 1082,0.28,0.20,-0.72,0.03,-0.02,-0.03
15:13:08.325 1083,0.40,0.26,-0.90,0.01,-0.01,0.01
15:13:08.345 1084,0.32,0.25,-0.73,0.02,-0.01,-0.01
15:13:08.365 1085,0.32,0.17,-0.81,-0.01,-0.04,0.01
15:13:08.385 1086,0.35,0.13,-0.76,-0.01,0.00,0.04
15:13:08.405 1087,0.31,0.19,-0.80,-0.05,-0.04,-0.04
15:13:08.425 1088,0.29,0.16,-0.74,0.02,0.00,-0.01
15:13:08.445 1089,0.29,0.20,-0.82,0.03,0.02,-0.00
15:13:08.465 1090,0.30,0.26,-0.85,-0.01,-0.01,0.03
15:13:08.485 1091,0.30,0.18,-0.73,-0.01,0.03,-0.03
15:13:08.505 1092,0.34,0.20,-0.81,-0.02,-0.03,0.04
15:13:08.525 1093,0.30,0.20,-0.79,0.01,0.02,0.00
15:13:08.545 1094,0.34,0.24,-0.74,0.02,0.01,-0.00
15:13:08.565 1095,0.30,0.09,-0.85,-0.03,-0.03,-0.00
15:13:08.585 1096,0.30,0.17,-0.77,0.01,0.05,-0.01
15:13:08.605 1097,0.20,0.21,-0.83,-0.01,-0.00,0.02
15:13:08.625 1098,0.35,0.26,-0.81,0.00,-0.02,-0.02
15:13:08.645 1099,0.32,0.18,-0.80,0.01,-0.03,0.01
15:13:08.665 1100,0.35,0.11,-0.88,-0.00,-0.00,-0.01
15:13:08.685 1101,0.16,0.23,-0.84,-0.00,-0.00,-0.02
15:13:08.705 1102,0.40,0.17,-0.73,-0.00,0.00,0.05
15:13:08.725 1103,0.29,0.14,-0.76,0.02,-0.01,0.01
15:13:08.745 1104,0.36,0.17,-0.80,0.01,0.01,0.01
15:13:08.765 1105,0.25,0.19,-0.79,0.00,-0.01,0.02
15:13:08.785 1106,0.33,0.17,-0.81,-0.03,-0.04,-0.03
15:13:08.805 1107,0.25,0.09,-0.73,-0.01,-0.00,0.04
15:13:08.825 1108,0.27,0.24,-0.81,0.02,-0.05,-0.05
15:13:08.845 1109,0.40,0.26,-0.79,0.00,0.01,-0.02
15:13:08.865 1110,0.29,0.23,-0.74,0.01,-0.02,-0.01
15:13:08.885 1111,0.31,0.14,-0.84,0.04,0.00,0.01
15:13:08.905 1112,0.34,0.19,-0.72,0.02,0.03,0.00
15:13:08.925 1113,0.32,0.20,-0.88,0.00,-0.02,-0.00
15:13:08.945 1114,0.31,0.23,-0.72,-0.01,0.02,-0.00
15:13:08.965 1115,0.32,0.23,-0.82,-0.05,-0.01,-0.02
15:13:08.985 1116,0.42,0.16,-0.81,-0.00,0.04,-0.03
15:13:09.005 1117,0.30,0.20,-0.89,-0.01,-0.01,0.01
15:13:09.025 1118,0.31,0.22,-0.82,0.01,-0.02,0.01
15:13:09.045 1119,0.35,0.27,-0.85,-0.00,0.01,0.03
15:13:09.065 1120,0.36,0.24,-0.83,-0.01,-0.01,-0.02
15:13:09.085 1121,0.36,0.24,-0.81,-0.04,-0.02,0.01
15:13:09.105 1122,0.33,0.20,-0.75,-0.02,-0.01,-0.01
15:13:09.125 1123,0.24,0.27,-0.79,0.01,-0.00,0.02
15:13:09.145 1124,0.38,0.22,-0.78,0.03,0.03,0.02
15:13:09.165 1125,0.24,0.16,-0.85,-0.00,-0.04,0.00
15:13:09.185 1126,0.32,0.27,-0.84,0.01,0.00,-0.01
15:13:09.205 1127,0.26,0.23,-0.71,0.02,0.01,0.02
15:13:09.225 1128,0.30,0.18,-0.84,-0.02,0.00,0.01
15:13:09.245 1129,0.32,0.18,-0.72,0.01,0.03,-0.01
15:13:09.265 1130,0.32,0.21,-0.81,-0.01,-0.00,-0.03
15:13:09.285 1131,0.32,0.22,-0.80,0.02,-0.00,-0.01
15:13:09.305 1132,0.38,0.21,-0.75,0.00,0.01,0.03
15:13:09.325 1133,0.32,0.22,-0.74,0.01,0.00,0.02
15:13:09.345 1134,0.29,0.28,-0.81,-0.02,-0.01,-0.02
15:13:09.365 1135,0.35,0.25,-0.82,0.01,0.01,-0.02
15:13:09.385 1136,0.36,0.21,-0.80,0.04,-0.01,0.03
15:13:09.405 1137,0.24,0.25,-0.78,-0.02,-0.01,-0.02
15:13:09.425 1138,0.33,0.15,-0.76,-0.01,-0.01,0.01
15:13:09.445 1139,0.34,0.22,-0.80,0.00,0.03,-0.01
15:13:09.465 1140,0.29,0.29,-0.77,0.02,-0.06,0.03
15:13:09.485 1141,0.37,0.19,-0.72,-0.01,0.01,-0.02
15:13:09.505 1142,0.29,0.16,-0.78,-0.06,0.00,0.02
15:13:09.525 1143,0.31,0.17,-0.78,0.03,-0.03,0.00
15:13:09.545 1144,0.29,0.15,-0.88,0.02,0.01,0.01
15:13:09.565 1145,0.30,0.16,-0.93,-0.03,0.01,-0.04
15:13:09.585 1146,0.25,0.18,-0.78,-0.01,0.01,-0.04
15:13:09.605 1147,0.23,0.13,-0.80,0.03,-0.05,-0.00
15:13:09.625 1148,0.38,0.20,-0.83,0.03,0.03,0.00
15:13:09.645 1149,0.26,0.25,-0.79,0.02,-0.01,-0.02
15:13:09.665 1150,0.25,0.15,-0.80,-0.00,0.01,-0.02
15:13:09.685 1151,0.19,0.28,-0.74,0.00,0.01,0.01
15:13:09.705 1152,0.27,0.23,-0.80,-0.00,-0.02,0.01
15:13:09.725 1153,0.23,0.25,-0.84,0.02,0.01,-0.00
15:13:09.745 1154,0.38,0.17,-0.75,-0.02,-0.01,0.02
15:13:09.765 1155,0.35,0.24,-0.81,-0.02,-0.04,-0.02
15:13:09.785 1156,0.27,0.15,-0.77,0.02,0.02,-0.01
15:13:09.805 1157,0.41,0.24,-0.82,-0.00,-0.02,0.03
15:13:09.825 1158,0.35,0.21,-0.83,0.03,-0.02,0.00
15:13:09.845 1159,0.28,0.23,-0.80,-0.01,-0.01,0.00
15:13:09.865 1160,0.18,0.14,-0.80,-0.00,0.01,0.05
15:13:09.885 1161,0.41,0.16,-0.78,-0.02,-0.00,-0.03
15:13:09.905 1162,0.23,0.23,-0.81,0.00,0.01,0.02
15:13:09.925 1163,0.22,0.15,-0.89,-0.03,-0.03,0.03
15:13:09.945 1164,0.35,0.22,-0.82,-0.01,-0.01,-0.01
15:13:09.965 1165,0.42,0.13,-0.76,-0.03,-0.00,0.02
15:13:09.985 1166,0.37,0.24,-0.81,0.01,0.04,-0.02
15:13:10.005 1167,0.33,0.14,-0.81,0.01,-0.00,-0.01
15:13:10.025 1168,0.33,0.23,-0.75,-0.03,0.02,0.01
15:13:10.045 1169,0.34,0.23,-0.84,0.03,0.00,0.02
15:13:10.065 1170,0.34,0.17,-0.88,0.05,-0.01,0.02
15:13:10.085 1171,0.31,0.23,-0.81,0.00,-0.00,0.03
15:13:10.105 1172,0.31,0.21,-0.82,-0.01,-0.00,-0.00
15:13:10.125 1173,0.30,0.17,-0.85,0.06,0.01,0.02
15:13:10.145 1174,0.26,0.15,-0.81,-0.03,0.03,-0.01
15:13:10.165 1175,0.29,0.10,-0.78,0.00,0.01,0.02
15:13:10.185 1176,0.22,0.22,-0.80,0.00,0.02,0.00
15:13:10.205 1177,0.30,0.12,-0.78,0.03,-0.02,0.01
15:13:10.225 1178,0.25,0.20,-0.71,0.01,-0.01,0.01
15:13:10.245 1179,0.24,0.19,-0.82,-0.01,-0.01,-0.03
15:13:10.265 1180,0.31,0.23,-0.79,-0.02,0.01,-0.02
15:13:10.285 1181,0.37,0.18,-0.83,-0.01,-0.01,0.00
15:13:10.305 1182,0.35,0.18,-0.84,-0.02,0.01,-0.03
15:13:10.325 1183,0.22,0.24,-0.83,0.00,-0.02,0.02
15:13:10.345 1184,0.25,0.22,-0.82,-0.01,0.00,0.02
15:13:10.365 1185,0.35,0.22,-0.78,-0.03,0.01,0.01
15:13:10.385 1186,0.25,0.22,-0.68,0.03,-0.04,-0.02
15:13:10.405 1187,0.29,0.12,-0.84,-0.01,0.04,0.03
15:13:10.425 1188,0.33,0.24,-0.82,-0.03,-0.01,0.04
15:13:10.445 1189,0.25,0.23,-0.80,-0.00,-0.04,0.00
15:13:10.465 1190,0.31,0.15,-0.78,0.00,0.00,0.01
15:13:10.485 1191,0.23,0.19,-0.79,-0.03,0.00,0.00
15:13:10.505 1192,0.27,0.20,-0.74,0.01,-0.00,0.01
15:13:10.525 1193,0.32,0.19,-0.92,-0.02,0.02,-0.00
15:13:10.545 1194,0.22,0.22,-0.92,0.03,0.01,-0.00
15:13:10.565 1195,0.32,0.27,-0.82,0.01,0.01,0.02
15:13:10.585 1196,0.30,0.25,-0.75,-0.01,0.01,0.05
15:13:10.605 1197,0.33,0.13,-0.88,-0.01,-0.00,-0.03
15:13:10.625 1198,0.31,0.23,-0.95,-0.00,0.04,-0.00
15:13:10.645 1199,0.37,0.27,-0.77,0.01,-0.03,-0.02
15:13:10.665 1200,0.31,0.22,-0.79,-0.00,0.00,0.03
15:13:10.685 1201,0.28,0.25,-0.85,-0.00,0.00,-0.01
15:13:10.705 1202,0.31,0.30,-0.85,0.00,0.02,-0.03
15:13:10.725 1203,0.33,0.25,-0.85,-0.01,-0.02,0.01
15:13:10.745 1204,0.30,0.21,-0.79,-0.01,-0.03,0.03
15:13:10.765 1205,0.30,0.25,-0.83,-0.04,0.00,0.01
15:13:10.785 1206,0.26,0.21,-0.78,0.02,0.01,0.00
15:13:10.805 1207,0.27,0.20,-0.94,0.01,0.03,0.01
15:13:10.825 1208,0.23,0.18,-0.84,-0.02,-0.03,0.03
15:13:10.845 1209,0.39,0.28,-0.86,0.04,0.02,-0.02
15:13:10.865 1210,0.24,0.16,-0.81,0.00,0.05,-0.00
15:13:10.885 1211,0.27,0.28,-0.83,-0.02,-0.01,-0.01
15:13:10.905 1212,0.26,0.22,-0.76,0.02,-0.03,-0.02
15:13:10.925 1213,0.34,0.13,-0.89,0.01,-0.01,-0.01
15:13:10.945 1214,0.29,0.22,-0.80,0.01,0.00,0.02
15:13:10.965 1215,0.36,0.09,-0.77,-0.01,0.01,0.01
15:13:10.985 1216,0.27,0.23,-0.71,0.01,-0.01,0.01
15:13:11.005 1217,0.31,0.24,-0.82,-0.01,0.03,0.00
15:13:11.025 1218,0.26,0.17,-0.78,0.01,-0.02,0.01
15:13:11.045 1219,0.41,0.21,-0.89,-0.04,-0.03,-0.02
15:13:11.065 1220,0.24,0.30,-0.92,-0.01,0.02,-0.01
15:13:11.085 1221,0.32,0.17,-0.76,0.03,-0.05,0.00
15:13:11.105 1222,0.33,0.15,-0.80,-0.02,-0.00,0.01
15:13:11.125 1223,0.32,0.27,-0.74,-0.01,0.06,0.01
15:13:11.145 1224,0.29,0.30,-0.87,-0.01,-0.00,-0.00
15:13:11.165 1225,0.29,0.20,-0.77,-0.02,-0.02,-0.01
15:13:11.185 1226,0.30,0.25,-0.71,-0.04,-0.00,0.06
15:13:11.205 1227,0.29,0.27,-0.78,-0.00,-0.00,0.02
15:13:11.225 1228,0.35,0.16,-0.79,0.00,0.00,0.01
15:13:11.245 1229,0.41,0.18,-0.80,-0.00,0.01,-0.00
15:13:11.265 1230,0.27,0.26,-0.88,-0.00,-0.02,-0.01
15:13:11.285 1231,0.23,0.28,-0.73,0.00,0.03,-0.00
15:13:11.305 1232,0.30,0.23,-0.83,0.02,0.00,0.01
15:13:11.325 1233,0.43,0.16,-0.77,-0.00,0.01,-0.04
15:13:11.345 1234,0.26,0.30,-0.88,-0.01,-0.01,-0.03
15:13:11.365 1235,0.38,0.17,-0.86,-0.01,0.03,-0.01
15:13:11.385 1236,0.38,0.18,-0.73,0.01,-0.01,0.00
15:13:11.405 1237,0.27,0.22,-0.82,0.03,0.01,-0.00
15:13:11.425 1238,0.33,0.28,-0.73,-0.01,-0.02,0.03
15:13:11.445 1239,0.38,0.24,-0.80,0.00,-0.02,-0.03
15:13:11.465 1240,0.28,0.22,-0.89,0.01,0.01,-0.02
15:13:11.485 1241,0.29,0.22,-0.76,-0.02,-0.01,0.03
15:13:11.505 1242,0.27,0.20,-0.83,0.00,-0.02,0.00
15:13:11.525 1243,0.25,0.23,-0.77,-0.03,-0.01,0.02
15:13:11.545 1244,0.27,0.07,-0.80,-0.04,0.01,0.04
15:13:11.565 1245,0.24,0.19,-0.88,0.01,-0.01,-0.01
15:13:11.585 1246,0.30,0.21,-0.79,-0.01,-0.00,-0.00
15:13:11.605 1247,0.26,0.14,-0.69,0.00,0.00,-0.01
15:13:11.625 1248,0.31,0.22,-0.78,-0.00,-0.04,-0.04
15:13:11.645 1249,0.22,0.19,-0.80,-0.02,-0.03,-0.01
15:13:11.665 1250,0.32,0.29,-0.75,-0.00,0.01,0.02
15:13:11.685 1251,0.34,0.28,-0.79,-0.02,-0.01,0.01
15:13:11.705 1252,0.20,0.18,-0.79,0.03,0.02,0.01
15:13:11.725 1253,0.32,0.19,-0.85,-0.03,0.02,-0.01
15:13:11.745 1254,0.36,0.20,-0.79,-0.00,0.01,-0.01
15:13:11.765 1255,0.24,0.18,-0.75,-0.02,0.04,0.03
15:13:11.785 1256,0.38,0.21,-0.84,0.01,-0.00,-0.01
15:13:11.805 1257,0.32,0.16,-0.73,-0.01,0.01,0.01
15:13:11.825 1258,0.26,0.14,-0.80,-0.01,-0.01,0.00
15:13:11.845 1259,0.30,0.23,-0.84,0.02,0.05,0.03
15:13:11.865 1260,0.33,0.23,-0.75,0.00,0.04,0.02
15:13:11.885 1261,0.30,0.16,-0.81,0.01,0.00,-0.03
15:13:11.905 1262,0.33,0.24,-0.76,-0.02,0.01,-0.02
15:13:11.925 1263,0.25,0.17,-0.81,-0.03,0.03,0.01
15:13:11.945 1264,0.31,0.21,-0.80,0.00,-0.00,-0.00
15:13:11.965 1265,0.23,0.24,-0.78,-0.01,-0.01,-0.01
15:13:11.985 1266,0.29,0.20,-0.79,0.01,0.02,0.02
15:13:12.005 1267,0.25,0.22,-0.90,-0.00,0.00,0.00
15:13:12.025 1268,0.26,0.17,-0.86,0.00,0.00,0.00
15:13:12.045 1269,0.36,0.19,-0.75,-0.03,-0.02,0.02
15:13:12.065 1270,0.35,0.19,-0.81,0.04,-0.03,-0.01
15:13:12.085 1271,0.33,0.16,-0.83,-0.00,0.00,0.03
15:13:12.105 1272,0.25,0.19,-0.87,0.01,0.02,-0.02
15:13:12.125 1273,0.28,0.12,-0.85,-0.02,-0.00,0.01
15:13:12.145 1274,0.36,0.18,-0.90,0.01,0.03,0.03
15:13:12.165 1275,0.31,0.19,-0.81,-0.03,-0.01,-0.03
15:13:12.185 1276,0.42,0.19,-0.83,0.01,-0.02,-0.01
15:13:12.205 1277,0.32,0.19,-0.85,-0.01,-0.00,0.02
15:13:12.225 1278,0.31,0.20,-0.80,0.00,-0.00,0.02
15:13:12.245 1279,0.28,0.22,-0.78,0.01,0.02,-0.00
15:13:12.265 1280,0.31,0.24,-0.70,-0.02,-0.02,-0.01
15:13:12.285 1281,0.29,0.17,-0.88,-0.01,0.03,0.02
15:13:12.305 1282,0.34,0.14,-0.74,0.01,0.04,0.02
15:13:12.325 1283,0.35,0.15,-0.75,0.04,-0.00,-0.02
15:13:12.345 1284,0.26,0.18,-0.84,-0.00,0.02,-0.02
15:13:12.365 1285,0.23,0.18,-0.79,0.01,-0.02,0.00
15:13:12.385 1286,0.21,0.16,-0.82,-0.00,0.02,0.01
15:13:12.405 1287,0.33,0.14,-0.79,0.04,0.02,-0.01
15:13:12.425 1288,0.24,0.18,-0.72,-0.03,0.02,0.01
15:13:12.445 1289,0.19,0.21,-0.77,0.00,-0.00,-0.01
15:13:12.465 1290,0.32,0.23,-0.77,-0.03,-0.06,-0.04
15:13:12.485 1291,0.42,0.17,-0.82,-0.05,-0.01,-0.01
15:13:12.505 1292,0.30,0.18,-0.87,0.01,-0.01,0.00
15:13:12.525 1293,0.34,0.15,-0.81,0.00,-0.02,-0.01
15:13:12.545 1294,0.30,0.20,-0.74,-0.01,0.00,-0.02
15:13:12.565 1295,0.30,0.16,-0.88,-0.00,-0.01,-0.04
15:13:12.585 1296,0.35,0.23,-0.85,0.06,-0.02,-0.01
15:13:12.605 1297,0.29,0.11,-0.79,-0.01,-0.02,0.02
15:13:12.625 1298,0.31,0.18,-0.85,0.01,-0.01,0.03
15:13:12.645 1299,0.32,0.22,-0.84,-0.01,0.02,0.02
15:13:12.665 1300,0.27,0.21,-0.82,0.01,-0.01,-0.02
15:13:12.685 1301,0.35,0.33,-0.87,-0.00,-0.01,-0.02
15:13:12.705 1302,0.29,0.22,-0.85,-0.01,-0.01,0.01
15:13:12.725 1303,0.26,0.15,-0.76,0.04,0.01,0.01
15:13:12.745 1304,0.33,0.20,-0.87,0.02,0.01,0.01
15:13:12.765 1305,0.26,0.11,-0.88,0.00,-0.06,-0.04
15:13:12.785 1306,0.30,0.20,-0.83,-0.05,0.02,-0.02
15:13:12.805 1307,0.30,0.16,-0.76,-0.01,0.03,-0.00
15:13:12.825 1308,0.35,0.25,-0.81,0.05,-0.02,0.01
15:13:12.845 1309,0.32,0.17,-0.82,-0.00,-0.02,0.02
15:13:12.865 1310,0.30,0.19,-0.80,0.02,-0.01,0.00
15:13:12.885 1311,0.34,0.17,-0.89,0.03,-0.02,0.01
15:13:12.905 1312,0.37,0.29,-0.78,0.00,0.00,0.00
15:13:12.925 1313,0.33,0.18,-0.78,-0.02,-0.04,0.01
15:13:12.945 1314,0.30,0.29,-0.82,-0.05,-0.02,0.01
15:13:12.965 1315,0.23,0.24,-0.75,0.01,0.03,0.00
15:13:12.985 1316,0.25,0.22,-0.86,-0.02,-0.02,-0.01
15:13:13.005 1317,0.28,0.22,-0.74,0.00,0.02,0.00
15:13:13.025 1318,0.27,0.22,-0.79,-0.02,0.01,0.01
15:13:13.045 1319,0.29,0.10,-0.82,-0.01,-0.04,0.01
15:13:13.065 1320,0.30,0.19,-0.80,0.00,0.01,0.01
15:13:13.085 1321,0.33,0.24,-0.81,0.01,-0.00,0.03
15:13:13.105 1322,0.30,0.20,-0.74,-0.02,-0.01,0.01
15:13:13.125 1323,0.32,0.13,-0.85,0.02,0.00,-0.01
15:13:13.145 1324,0.30,0.20,-0.84,-0.01,0.01,0.02
15:13:13.165 1325,0.20,0.29,-0.75,-0.03,0.01,-0.03
15:13:13.185 1326,0.25,0.26,-0.83,-0.00,0.02,-0.02
15:13:13.205 1327,0.29,0.20,-0.75,0.00,0.01,0.01
15:13:13.225 1328,0.24,0.25,-0.72,0.00,-0.03,0.01
15:13:13.245 1329,0.33,0.18,-0.82,0.03,-0.01,-0.02
15:13:13.265 1330,0.38,0.11,-0.77,-0.00,0.06,-0.01
15:13:13.285 1331,0.36,0.15,-0.86,-0.00,0.01,-0.01
15:13:13.305 1332,0.29,0.28,-0.76,-0.02,0.05,-0.01
15:13:13.325 1333,0.37,0.19,-0.79,0.02,0.03,0.02
15:13:13.345 1334,0.31,0.19,-0.78,0.00,0.00,0.01
15:13:13.365 1335,0.28,0.19,-0.83,-0.01,0.01,-0.00
15:13:13.385 1336,0.27,0.30,-0.88,-0.04,-0.00,-0.01
15:13:13.405 1337,0.28,0.28,-0.77,0.03,-0.03,-0.03
15:13:13.425 1338,0.28,0.31,-0.90,-0.02,0.00,0.03
15:13:13.445 1339,0.31,0.19,-0.82,-0.01,0.02,0.01
15:13:13.465 1340,0.31,0.21,-0.75,0.01,-0.01,-0.01
15:13:13.485 1341,0.30,0.12,-0.79,-0.02,0.01,0.01
15:13:13.505 1342,0.32,0.27,-0.70,-0.03,0.02,-0.00
15:13:13.525 1343,0.36,0.14,-0.75,-0.04,-0.02,-0.01
15:13:13.545 1344,0.35,0.21,-0.83,0.01,-0.01,0.01
15:13:13.565 1345,0.23,0.15,-0.80,-0.01,-0.02,-0.01
15:13:13.585 1346,0.17,0.17,-0.80,0.06,-0.02,-0.01
15:13:13.605 1347,0.35,0.16,-0.88,-0.02,-0.03,0.00
15:13:13.625 1348,0.23,0.17,-0.85,-0.02,-0.02,-0.01
15:13:13.645 1349,0.29,0.17,-0.83,-0.01,0.03,0.01
15:13:13.665 1350,0.24,0.17,-0.90,0.00,-0.02,0.04
15:13:13.685 1351,0.21,0.24,-0.80,-0.01,0.00,-0.02
15:13:13.705 1352,0.33,0.14,-0.81,0.01,-0.01,-0.03
15:13:13.725 1353,0.34,0.21,-0.88,-0.02,0.02,-0.04
15:13:13.745 1354,0.27,0.26,-0.78,-0.03,0.03,-0.00
15:13:13.765 1355,0.17,0.17,-0.76,-0.04,0.02,-0.01
15:13:13.785 1356,0.27,0.16,-0.79,-0.04,0.01,0.00
15:13:13.805 1357,0.32,0.19,-0.82,-0.01,-0.00,0.00
15:13:13.825 1358,0.23,0.26,-0.77,-0.01,-0.02,-0.03
15:13:13.845 1359,0.31,0.21,-0.77,-0.01,0.04,-0.04
15:13:13.865 1360,0.30,0.17,-0.78,0.02,-0.02,0.01
15:13:13.885 1361,0.33,0.22,-0.84,0.02,0.01,0.00
15:13:13.905 1362,0.31,0.14,-0.79,-0.01,0.02,-0.01
15:13:13.925 1363,0.25,0.23,-0.74,-0.04,-0.01,-0.03
15:13:13.945 1364,0.36,0.22,-0.83,-0.01,0.02,0.01
15:13:13.965 1365,0.29,0.18,-0.70,-0.01,0.02,0.03
15:13:13.985 1366,0.30,0.16,-0.83,-0.01,0.03,0.01
15:13:14.005 1367,0.25,0.16,-0.80,-0.01,-0.01,-0.02
15:13:14.025 1368,0.28,0.23,-0.83,-0.01,-0.03,0.00
15:13:14.045 1369,0.26,0.26,-0.79,-0.01,-0.01,-0.03
15:13:14.065 1370,0.29,0.17,-0.89,-0.01,0.00,0.02
15:13:14.085 1371,0.39,0.22,-0.83,0.00,0.00,0.00
15:13:14.105 1372,0.23,0.10,-0.85,0.01,-0.01,-0.04
15:13:14.125 1373,0.22,0.17,-0.79,-0.02,-0.04,-0.01
15:13:14.145 1374,0.37,0.20,-0.75,0.03,0.01,0.01
15:13:14.165 1375,0.29,0.15,-0.77,-0.02,0.04,-0.01
15:13:14.185 1376,0.27,0.15,-0.92,-0.03,0.01,-0.01
15:13:14.205 1377,0.35,0.17,-0.70,0.01,0.01,-0.02
15:13:14.225 1378,0.27,0.21,-0.79,-0.02,0.01,0.01
15:13:14.245 1379,0.39,0.19,-0.84,0.01,0.01,-0.01
15:13:14.265 1380,0.33,0.09,-0.79,-0.05,0.02,-0.04
15:13:14.285 1381,0.28,0.09,-0.79,0.03,0.01,-0.01
15:13:14.305 1382,0.41,0.17,-0.83,0.01,-0.01,0.02
15:13:14.325 1383,0.27,0.22,-0.79,-0.03,-0.02,-0.01
15:13:14.345 1384,0.34,0.06,-0.83,-0.03,-0.00,0.03
15:13:14.365 1385,0.31,0.18,-0.82,0.03,0.01,0.01
15:13:14.385 1386,0.37,0.17,-0.83,-0.01,-0.01,0.01
15:13:14.405 1387,0.38,0.27,-0.87,-0.02,0.01,-0.00
15:13:14.425 1388,0.30,0.18,-0.79,-0.05,0.01,-0.00
15:13:14.445 1389,0.26,0.22,-0.77,-0.01,0.02,-0.01
15:13:14.465 1390,0.32,0.21,-0.77,-0.00,0.03,-0.01
15:13:14.485 1391,0.27,0.09,-0.76,0.01,0.00,0.01
15:13:14.505 1392,0.40,0.24,-0.78,-0.03,-0.03,-0.02
15:13:14.525 1393,0.31,0.21,-0.83,-0.03,-0.01,-0.02
15:13:14.545 1394,0.28,0.23,-0.76,0.01,0.00,-0.02
15:13:14.565 1395,0.31,0.40,-0.87,0.02,-0.04,0.04
15:13:14.585 1396,0.23,0.10,-0.85,-0.03,0.03,0.01
15:13:14.605 1397,0.25,0.29,-0.85,0.02,0.00,0.01
15:13:14.625 1398,0.36,0.19,-0.75,0.00,0.01,-0.02
15:13:14.645 1399,0.27,0.21,-0.75,0.02,0.03,0.01
15:13:14.665 1400,0.25,0.20,-0.78,-0.00,-0.01,-0.00
15:13:14.685 1401,0.33,0.18,-0.75,-0.05,0.01,0.00
15:13:14.705 1402,0.36,0.17,-0.84,-0.00,-0.00,-0.02
15:13:14.725 1403,0.34,0.22,-0.78,0.02,-0.00,0.00
15:13:14.745 1404,0.35,0.12,-0.81,-0.02,-0.02,-0.01
15:13:14.765 1405,0.26,0.24,-0.76,-0.01,0.03,-0.02
15:13:14.785 1406,0.23,0.18,-0.81,-0.00,-0.01,0.01
15:13:14.805 1407,0.38,0.14,-0.82,-0.06,0.01,-0.03
15:13:14.825 1408,0.28,0.18,-0.77,0.03,-0.04,0.01
15:13:14.845 1409,0.29,0.26,-0.76,-0.02,0.02,0.01
15:13:14.865 1410,0.37,0.17,-0.83,0.01,0.02,-0.02
15:13:14.885 1411,0.33,0.22,-0.80,-0.00,0.00,-0.02
15:13:14.905 1412,0.32,0.16,-0.85,0.03,-0.00,-0.00
15:13:14.925 1413,0.41,0.24,-0.92,0.01,0.01,0.01
15:13:14.945 1414,0.27,0.23,-0.79,-0.00,0.05,-0.00
15:13:14.965 1415,0.35,0.29,-0.77,-0.02,-0.04,0.01
15:13:14.985 1416,0.30,0.19,-0.79,0.02,0.02,0.04
15:13:15.005 1417,0.31,0.23,-0.90,-0.04,-0.02,-0.01
15:13:15.025 1418,0.38,0.20,-0.82,0.01,-0.00,-0.03
15:13:15.045 1419,0.33,0.26,-0.91,-0.02,-0.00,0.02
15:13:15.065 1420,0.33,0.16,-0.73,0.03,-0.01,0.03
15:13:15.085 1421,0.35,0.24,-0.85,0.00,-0.00,0.01
15:13:15.105 1422,0.28,0.19,-0.74,0.01,-0.02,-0.02
15:13:15.125 1423,0.26,0.20,-0.75,0.00,0.02,-0.00
15:13:15.145 1424,0.25,0.20,-0.85,-0.04,-0.04,-0.02
15:13:15.165 1425,0.20,0.21,-0.86,-0.02,0.01,0.01
15:13:15.185 1426,0.40,0.19,-0.78,0.01,-0.01,-0.03
15:13:15.205 1427,0.24,0.21,-0.84,0.00,-0.02,-0.01
15:13:15.225 1428,0.29,0.28,-0.79,0.02,0.00,-0.02
15:13:15.245 1429,0.29,0.25,-0.82,0.01,-0.03,0.00
15:13:15.265 1430,0.32,0.24,-0.89,-0.02,0.00,-0.01
15:13:15.285 1431,0.34,0.18,-0.91,-0.02,-0.03,0.00
15:13:15.305 1432,0.34,0.16,-0.79,0.00,0.01,0.00
15:13:15.325 1433,0.27,0.25,-0.83,-0.05,-0.02,-0.02
15:13:15.345 1434,0.29,0.24,-0.83,0.03,-0.01,0.01
15:13:15.365 1435,0.31,0.27,-0.77,0.01,0.01,-0.00
15:13:15.385 1436,0.29,0.17,-0.74,0.02,-0.02,-0.02
15:13:15.405 1437,0.38,0.19,-0.81,-0.03,-0.00,0.04
15:13:15.425 1438,0.32,0.12,-0.82,0.02,-0.03,0.01
15:13:15.445 1439,0.34,0.18,-0.77,0.04,0.01,-0.00
15:13:15.465 1440,0.33,0.25,-0.87,-0.03,0.04,0.03
15:13:15.485 1441,0.36,0.18,-0.79,0.02,0.06,0.04
15:13:15.505 1442,0.31,0.23,-0.77,0.00,0.00,-0.00
15:13:15.525 1443,0.24,0.19,-0.77,-0.03,0.02,0.01
15:13:15.545 1444,0.32,0.22,-0.90,0.01,-0.04,-0.02
15:13:15.565 1445,0.27,0.14,-0.84,0.02,0.03,-0.00
15:13:15.585 1446,0.27,0.20,-0.84,-0.01,0.02,-0.00
15:13:15.605 1447,0.33,0.05,-0.80,0.02,-0.01,0.00
15:13:15.625 1448,0.36,0.19,-0.78,-0.03,0.02,0.01
15:13:15.645 1449,0.30,0.12,-0.73,-0.03,-0.01,0.01
15:13:15.665 1450,0.32,0.26,-0.82,0.00,-0.01,0.00
15:13:15.685 1451,0.39,0.24,-0.82,0.00,0.01,-0.02
15:13:15.705 1452,0.31,0.22,-0.74,-0.01,-0.02,-0.02
15:13:15.725 1453,0.43,0.28,-0.79,0.02,0.02,-0.01
15:13:15.745 1454,0.33,0.15,-0.74,0.01,-0.02,-0.01
15:13:15.765 1455,0.21,0.29,-0.79,0.02,-0.02,0.02
15:13:15.785 1456,0.34,0.25,-0.86,-0.00,-0.02,-0.02
15:13:15.805 1457,0.32,0.19,-0.87,0.01,0.02,-0.01
15:13:15.825 1458,0.36,0.26,-0.88,-0.01,-0.01,0.02
15:13:15.845 1459,0.33,0.14,-0.77,0.04,-0.03,-0.01
15:13:15.865 1460,0.29,0.16,-0.74,-0.02,-0.01,0.01
15:13:15.885 1461,0.24,0.17,-0.71,0.04,-0.00,-0.00
15:13:15.905 1462,0.29,0.17,-0.76,0.00,-0.02,0.01
15:13:15.925 1463,0.26,0.15,-0.74,-0.03,-0.02,-0.00
15:13:15.945 1464,0.27,0.26,-0.83,0.03,0.04,0.01
15:13:15.965 1465,0.33,0.19,-0.86,0.00,-0.02,-0.03
15:13:15.985 1466,0.38,0.22,-0.76,0.02,-0.01,-0.01
15:13:16.005 1467,0.32,0.17,-0.78,0.02,-0.01,0.01
15:13:16.025 1468,0.24,0.11,-0.79,0.01,-0.01,0.01
15:13:16.045 1469,0.32,0.21,-0.78,-0.01,0.01,0.03
15:13:16.065 1470,0.36,0.10,-0.78,0.02,0.02,-0.01
15:13:16.085 1471,0.27,0.20,-0.74,0.00,-0.01,0.03
15:13:16.105 1472,0.29,0.13,-0.74,0.01,-0.02,-0.01
15:13:16.125 1473,0.30,0.30,-0.77,-0.04,0.03,0.03
15:13:16.145 1474,0.26,0.25,-0.76,0.01,-0.00,0.02
15:13:16.165 1475,0.33,0.21,-0.77,-0.01,0.03,-0.02
15:13:16.185 1476,0.29,0.26,-0.82,0.03,-0.04,0.01
15:13:16.205 1477,0.32,0.16,-0.76,0.01,0.00,-0.00
15:13:16.225 1478,0.26,0.23,-0.87,0.00,0.04,0.01
15:13:16.245 1479,0.28,0.21,-0.75,0.01,-0.01,-0.00
15:13:16.265 1480,0.34,0.21,-0.86,-0.02,-0.00,-0.01
15:13:16.285 1481,0.28,0.26,-0.79,0.03,0.01,0.03
15:13:16.305 1482,0.39,0.24,-0.84,0.04,-0.01,-0.00
15:13:16.325 1483,0.28,0.21,-0.77,0.01,-0.01,0.02
15:13:16.345 1484,0.31,0.12,-0.80,0.03,-0.01,-0.00
15:13:16.365 1485,0.35,0.15,-0.88,-0.01,-0.01,0.03
15:13:16.385 1486,0.23,0.19,-0.78,-0.02,0.02,-0.01
15:13:16.405 1487,0.21,0.20,-0.83,0.00,0.01,-0.01
15:13:16.425 1488,0.22,0.14,-0.76,0.01,0.01,0.03
15:13:16.445 1489,0.36,0.32,-0.80,-0.01,0.02,-0.01
15:13:16.465 1490,0.27,0.28,-0.78,0.01,-0.01,0.03
15:13:16.485 1491,0.43,0.23,-0.85,0.01,-0.02,0.02
15:13:16.505 1492,0.27,0.20,-0.83,-0.02,-0.01,-0.00
15:13:16.525 1493,0.31,0.19,-0.82,0.01,0.00,-0.04
15:13:16.545 1494,0.38,0.15,-0.76,0.02,-0.02,-0.00
15:13:16.565 1495,0.40,0.20,-0.72,0.00,-0.01,0.00
15:13:16.585 1496,0.40,0.21,-0.84,0.02,-0.01,0.02
15:13:16.605 1497,0.36,0.14,-0.75,-0.02,0.04,0.03
15:13:16.625 1498,0.35,0.22,-0.91,0.01,-0.06,-0.01
15:13:16.645 1499,0.33,0.19,-0.86,-0.02,-0.00,0.02